5 0.69625 0.346765625 0.698125 0.356140625 0.7125 0.35894921875 0.725625 0.36551171875 0.73875 0.38144140625 0.75 0.41237109375 0.753125 0.43298828125 0.78125 0.4761015625 0.7875 0.50046875 0.789375 0.51733984375 0.800625 0.53139453125 0.805625 0.54170703125 0.81375 0.548265625 0.829375 0.554828125 0.846875 0.553890625 0.84875 0.551078125 0.85 0.53795703125 0.856875 0.5276484375 0.86125 0.51452734375 0.858125 0.48359765625 0.834375 0.43392578125 0.818125 0.40768359375 0.80125 0.3692578125 0.78 0.3289609375 0.779375 0.3214609375 0.789375 0.29428125 0.779375 0.2802265625 0.77375 0.2774140625 0.755 0.24086328125 0.748125 0.23992578125 0.7275 0.249296875 0.71 0.26335546875 0.703125 0.2736640625 0.694375 0.29521875 0.686875 0.3205234375 0.686875 0.3270859375 0.69625 0.346765625
4 0.6504609375 0.4653046875 0.6348359375 0.48030078125 0.6310859375 0.487796875 0.6254609375 0.57589453125 0.6292109375 0.589015625 0.6435859375 0.60026171875 0.6617109375 0.6105703125 0.6748359375 0.6115078125 0.7085859375 0.60119921875 0.7160859375 0.589953125 0.7185859375 0.57870703125 0.7173359375 0.5599609375 0.7292109375 0.491546875 0.7373359375 0.4634296875 0.7448359375 0.4596796875 0.7467109375 0.44655859375 0.7573359375 0.4353125 0.7585859375 0.42031640625 0.7535859375 0.39501171875 0.7404609375 0.37533203125 0.7298359375 0.3650234375 0.7104609375 0.35658984375 0.6929609375 0.32566015625 0.6835859375 0.32191015625 0.6692109375 0.32191015625 0.6398359375 0.32941015625 0.6342109375 0.34346875 0.6429609375 0.382828125 0.6485859375 0.394078125 0.6523359375 0.4081328125 0.6542109375 0.45312109375 0.6504609375 0.4653046875
5 0.398125 0.19775 0.39375 0.2015 0.4 0.21087109375 0.40375 0.2296171875 0.436875 0.23617578125 0.458125 0.245546875 0.47375 0.246484375 0.48 0.253984375 0.48375 0.26335546875 0.49375 0.26804296875 0.500625 0.26710546875 0.50875 0.252109375 0.51 0.23430078125 0.513125 0.2239921875 0.515 0.18462890625 0.51 0.16776171875 0.49 0.16307421875 0.4825 0.18369140625 0.48 0.18556640625 0.44375 0.18275390625 0.4175 0.1743203125 0.40375 0.1733828125 0.399375 0.1790078125 0.398125 0.19775
4 0.365625 0.23898828125 0.379375 0.23992578125 0.38875 0.2296171875 0.39 0.1790078125 0.4 0.155578125 0.401875 0.13870703125 0.395625 0.13495703125 0.38875 0.13495703125 0.36625 0.13870703125 0.36125 0.145265625 0.358125 0.155578125 0.355 0.1761953125 0.355 0.2193046875 0.358125 0.23148828125 0.365625 0.23898828125
5 0.155 0.545453125 0.14875 0.56513671875 0.14875 0.5716953125 0.15375 0.58294140625 0.160625 0.595125 0.181875 0.60075 0.199375 0.61574609375 0.206875 0.61387109375 0.22625 0.5979375 0.231875 0.58762890625 0.2375 0.5688828125 0.243125 0.54076953125 0.24125 0.53139453125 0.219375 0.49671875 0.21 0.48641015625 0.199375 0.48828515625 0.195 0.48547265625 0.18125 0.46110546875 0.175 0.455484375 0.15375 0.41518359375 0.145625 0.40674609375 0.133125 0.4039375 0.124375 0.40862109375 0.116875 0.4189296875 0.11375 0.43392578125 0.114375 0.447984375 0.121875 0.4695390625 0.15625 0.53326953125 0.155 0.545453125
4 0.224375 0.49859375 0.241875 0.49859375 0.253125 0.48547265625 0.265625 0.46204296875 0.26625 0.448921875 0.264375 0.43955078125 0.26 0.4283046875 0.25 0.41612109375 0.22125 0.41330859375 0.21125 0.41612109375 0.2 0.4236171875 0.189375 0.44142578125 0.185 0.46016796875 0.201875 0.4807890625 0.219375 0.49578125 0.224375 0.49859375
4 0.53875 0.7207109375 0.5525 0.7282109375 0.56375 0.7272734375 0.579375 0.7207109375 0.586875 0.71321484375 0.58875 0.70665234375 0.588125 0.68322265625 0.591875 0.66354296875 0.591875 0.653234375 0.588125 0.644796875 0.575625 0.63167578125 0.56625 0.6279296875 0.55125 0.6279296875 0.535625 0.63542578125 0.52875 0.646671875 0.525625 0.66166796875 0.525625 0.6794765625 0.53 0.69166015625 0.53125 0.70665234375 0.53875 0.7207109375
4 0.455625 0.43861328125 0.44875 0.45923046875 0.44875 0.46860546875 0.451875 0.4761015625 0.466875 0.49203515625 0.471875 0.50140625 0.48 0.50702734375 0.50625 0.49953125 0.531875 0.50046875 0.55 0.45735546875 0.55125 0.447046875 0.541875 0.41799609375 0.541875 0.40955859375 0.545625 0.4020625 0.5475 0.38706640625 0.54125 0.36644921875 0.53125 0.354265625 0.51 0.350515625 0.499375 0.354265625 0.489375 0.36551171875 0.48375 0.38331640625 0.484375 0.39175390625 0.48875 0.4020625 0.466875 0.41612109375 0.455625 0.43861328125
4 0.291875 0.6232421875 0.299375 0.645734375 0.300625 0.66073046875 0.304375 0.66635546875 0.348125 0.66073046875 0.3625 0.654171875 0.36625 0.64198828125 0.365625 0.6298046875 0.369375 0.6016875 0.381875 0.56044921875 0.381875 0.552953125 0.37875 0.54264453125 0.37 0.5285859375 0.349375 0.50983984375 0.329375 0.50702734375 0.305625 0.51265234375 0.284375 0.5257734375 0.2775 0.53701953125 0.270625 0.56044921875 0.270625 0.5735703125 0.27625 0.5960625 0.291875 0.6232421875
4 0.086875 0.651359375 0.098125 0.654171875 0.095 0.68697265625 0.099375 0.7235234375 0.104375 0.73945703125 0.123125 0.75913671875 0.14375 0.7722578125 0.153125 0.7722578125 0.178125 0.76288671875 0.201875 0.749765625 0.205 0.73945703125 0.205 0.68603515625 0.21625 0.64198828125 0.21375 0.63167578125 0.196875 0.61199609375 0.181875 0.60075 0.166875 0.5960625 0.140625 0.5979375 0.126875 0.5782578125 0.1125 0.5716953125 0.1025 0.5716953125 0.088125 0.5773203125 0.075625 0.59137890625 0.069375 0.61012109375 0.06875 0.6269921875 0.071875 0.63636328125 0.07875 0.645734375 0.086875 0.651359375
5 0.06625 0.4039375 0.070625 0.39269140625 0.095 0.38800390625 0.139375 0.3983125 0.1725 0.401125 0.1825 0.3983125 0.188125 0.3776953125 0.188125 0.3720703125 0.185 0.36738671875 0.15625 0.354265625 0.143125 0.352390625 0.11625 0.33833203125 0.0825 0.3280234375 0.08125 0.3214609375 0.07625 0.3205234375 0.07875 0.31021484375 0.0775 0.30646484375 0.065 0.30271875 0.0575 0.31302734375 0.05125 0.33833203125 0.049375 0.35988671875 0.050625 0.3758203125 0.0475 0.39175390625 0.05 0.404875 0.06625 0.4039375