5 0.73449341015625 0.4335793203125 0.7379313828125 0.4661172578125 0.735973125 0.486946890625 0.75285578125 0.5347473203125 0.75302540625 0.55986801171875 0.75076012109375 0.5767788828125 0.75828612109375 0.59277059375 0.760646015625 0.60386477734375 0.766951640625 0.61189231640625 0.78054352734375 0.62139758203125 0.7977741171875 0.6239174453125 0.80027726171875 0.62152821484375 0.8046704296875 0.60890841015625 0.8138476640625 0.60015173046875 0.82127716796875 0.588146046875 0.825733671875 0.5572048359375 0.8146907265625 0.5038333671875 0.80525905859375 0.47490900390625 0.798171640625 0.43391559765625 0.78728663671875 0.3902277734375 0.7884962734375 0.3827510703125 0.80479693359375 0.35806612109375 0.7984854609375 0.3423200625 0.79370139453125 0.3384569296875 0.784337953125 0.298933515625 0.77788512890625 0.29666320703125 0.75557512890625 0.3017985 0.73516590234375 0.31214409375 0.72598866796875 0.32090076953125 0.71226522265625 0.3403159609375 0.69884786328125 0.3636537421875 0.69725806640625 0.3700883828125 0.70159959375 0.39122703125 0.70115026171875 0.4007878515625 0.714437015625 0.40636669921875 0.72559983203125 0.41538066796875 0.73449341015625 0.4335793203125
4 0.57777660546875 0.61558278125 0.58901933984375 0.6294347421875 0.60413278515625 0.64310441796875 0.61665828125 0.64660298046875 0.651948 0.6431277734375 0.66195961328125 0.6335746875 0.66711308984375 0.623039 0.67043987109375 0.604412484375 0.69855151953125 0.539665 0.71325748828125 0.51369233984375 0.72145314453125 0.51148930078125 0.7264535859375 0.4989923203125 0.73950153515625 0.490053359375 0.7443489296875 0.47559508203125 0.745620953125 0.4498008046875 0.73763582421875 0.4279252109375 0.72980958203125 0.41572943359375 0.713027375 0.40365257421875 0.703516734375 0.369886390625 0.6953161796875 0.36436707421875 0.68134903515625 0.3615421015625 0.65099058203125 0.36312320703125 0.6421194296875 0.37580247265625 0.641086203125 0.41611456640625 0.64382625390625 0.4282508046875 0.64406505078125 0.4427686171875 0.634988265625 0.48724887109375 0.628393140625 0.498458140625 0.6095786015625 0.5100914453125 0.6041190390625 0.51670454296875 0.57731163671875 0.601980375 0.57777660546875 0.61558278125
5 0.476374578125 0.2318194375 0.49475148046875 0.24518400390625 0.5097060390625 0.24917386328125 0.5139618046875 0.2577559921875 0.5153352265625 0.26768145703125 0.52391593359375 0.27424283203125 0.530822984375 0.274674671875 0.5423503203125 0.26156746875 0.5478790546875 0.2443514921875 0.55341268359375 0.23485786328125 0.5647703984375 0.19662996875 0.56399840234375 0.17910880078125 0.545701421875 0.17058223046875 0.533419625 0.1893238359375 0.530536328125 0.19067100390625 0.49599617578125 0.180789453125 0.47253403125 0.16736151953125 0.45940126953125 0.16374013671875 0.45378771875 0.16839576953125 0.4480328203125 0.18652715625 0.44287349609375 0.1893443203125 0.446675984375 0.1997610859375 0.44577826953125 0.21887890234375 0.476374578125 0.2318194375
4 0.460070921875 0.14554538671875 0.46597980859375 0.12937146484375 0.46081558984375 0.12446627734375 0.45413565234375 0.123115203125 0.4313655859375 0.12237044140625 0.42491860546875 0.12781866015625 0.41938402734375 0.13731611328125 0.41135309765625 0.1569174921875 0.40090968359375 0.19918697265625 0.40099449609375 0.2117473203125 0.406464796875 0.22057509765625 0.41959755859375 0.22419648046875 0.43120386328125 0.2159311015625 0.44467871484375 0.1665533984375 0.460070921875 0.14554538671875
5 0.12100569140625 0.52948665234375 0.14029009375 0.539178109375 0.1536607109375 0.5573211328125 0.161402140625 0.5569565625 0.18408739453125 0.54514097265625 0.19205009375 0.5361386484375 0.2020568125 0.51886320703125 0.21433276953125 0.492403078125 0.21478209375 0.4828422578125 0.20192809375 0.4445431875 0.1953163828125 0.43259305859375 0.1845386171875 0.43234350390625 0.1809690859375 0.4287260234375 0.1735122578125 0.40213143359375 0.1688013203125 0.39539160546875 0.1579172578125 0.351699953125 0.1520668046875 0.34183011328125 0.140601859375 0.33661973828125 0.1309655 0.33949253515625 0.121181 0.34812638671875 0.114511796875 0.36221619140625 0.11171331640625 0.376123703125 0.11377881640625 0.39873234375 0.13173955078125 0.46797653125 0.1275734921875 0.4796771015625 0.11673239453125 0.497748953125 0.115143546875 0.504179765625 0.11727727734375 0.51618935546875 0.12100569140625 0.52948665234375
4 0.2590521015625 0.40688940625 0.259500484375 0.3973324140625 0.2579740234375 0.38544565234375 0.25120927734375 0.37153423046875 0.223956328125 0.363126578125 0.21355871484375 0.3639190859375 0.20081194921875 0.36905828125 0.1861742109375 0.38443188671875 0.17738297265625 0.4019491484375 0.18878364453125 0.4254847578125 0.20215520703125 0.44362394921875 0.20633200390625 0.4473642578125 0.22333548046875 0.45080335546875 0.23744492578125 0.44014874609375 0.25526619921875 0.4196320390625 0.2590521015625 0.40688940625
4 0.50655410546875 0.7290423828125 0.50996569921875 0.7229762109375 0.51503436328125 0.6998801796875 0.52344544921875 0.681320859375 0.52594274609375 0.671213109375 0.52434315625 0.66220304296875 0.515376453125 0.64688108984375 0.507174953125 0.64136560546875 0.49260054296875 0.6384178046875 0.47560291015625 0.64269723046875 0.4661985625 0.65237314453125 0.45952936328125 0.6664629453125 0.4552151640625 0.683924578125 0.4565145078125 0.6967305703125 0.45409712890625 0.71167631640625 0.4579785859375 0.72693490625 0.4695215546875 0.73699093359375 0.4806794765625 0.73828255078125 0.4974509453125 0.73491853125 0.50655410546875 0.7290423828125
4 0.44354046875 0.48858952734375 0.446128421875 0.49876064453125 0.45266116015625 0.5058689453125 0.47998233984375 0.503677546875 0.50465317578125 0.50963260546875 0.53270828125 0.47092121875 0.536420109375 0.4610591171875 0.53434876953125 0.43073195703125 0.53639278515625 0.42245884375 0.54185234765625 0.4158457421875 0.5473070078125 0.40151029296875 0.54622893359375 0.3800665390625 0.53946418359375 0.3661551171875 0.5197255546875 0.35830212890625 0.50849356640625 0.359891046875 0.49605287890625 0.36895283203125 0.48627421875 0.38530520703125 0.48483746875 0.39370114453125 0.48659104296875 0.404668671875 0.46193094921875 0.41415448828125 0.4455513203125 0.4339976171875 0.4338767890625 0.452862046875 0.43160565625 0.46205439453125 0.4328260390625 0.47001856640625 0.44354046875 0.48858952734375
4 0.28729262890625 0.630661421875 0.30284862109375 0.62705558203125 0.3094437421875 0.61584630859375 0.311788 0.60377726171875 0.32224309765625 0.576944828125 0.344378578125 0.5389664921875 0.34619453125 0.53161644140625 0.3456554921875 0.52089456640625 0.34055950390625 0.5053903203125 0.3250610078125 0.482956234375 0.306309796875 0.47626812890625 0.28187097265625 0.47711619140625 0.2580452578125 0.4858056015625 0.24864091015625 0.49548151171875 0.2362850390625 0.51710364453125 0.23310640234375 0.5299691015625 0.233122984375 0.5531285 0.24172027734375 0.5828492734375 0.2435586640625 0.6063771484375 0.2411403359375 0.6213267265625 0.2434212578125 0.62757908203125 0.28729262890625 0.630661421875
4 0.03138666015625 0.65995242578125 0.0448371875 0.6829334453125 0.0616983671875 0.699852125 0.070807375 0.7016945 0.0973682421875 0.697418984375 0.1236230234375 0.689220875 0.12915665625 0.67972724609375 0.1420983125 0.62734618359375 0.1636996484375 0.5863683203125 0.16376882421875 0.5757654375 0.15214009375 0.55315289453125 0.14029009375 0.539178109375 0.12685125 0.53163413671875 0.1008918046875 0.528313953125 0.09229941015625 0.5063155390625 0.07992205859375 0.49705591796875 0.0702057890625 0.49509071875 0.05487596875 0.49778115625 0.039324875 0.50910934375 0.0287118359375 0.5262581328125 0.024017484375 0.542677703125 0.0247836328125 0.55248034375 0.02919338671875 0.5630199375 0.0357251796875 0.5701320703125 0.0459746484375 0.575100625 0.0349921953125 0.60664822265625 0.03038849609375 0.6433466640625 0.03138666015625 0.65995242578125
5 0.17954101953125 0.34160001171875 0.1899386328125 0.34080750390625 0.20039862890625 0.32169742578125 0.20176130859375 0.316182015625 0.19985959375 0.310975546875 0.1751039453125 0.292460140625 0.1628055625 0.28804234765625 0.14009882421875 0.26897618359375 0.10980369921875 0.2522358828125 0.1101789609375 0.24555558984375 0.10554793359375 0.2436537578125 0.11047430078125 0.23403730078125 0.11016821875 0.23011471484375 0.0989303828125 0.22398510546875 0.08914587890625 0.2326189609375 0.07694305078125 0.25620238671875 0.06989954296875 0.27696865234375 0.0672541015625 0.29283746484375 0.06035779296875 0.3078465 0.05960822265625 0.3212032578125 0.07562427734375 0.32347746875 0.08259955859375 0.3133102578125 0.1074185390625 0.31350425390625 0.148037203125 0.33233258203125 0.17954101953125 0.34160001171875