5 0.486465359375 0 0.44285154296875 0.0753740390625 0.41550766015625 0.14066881640625 0.38703540234375 0.168822515625 0.38378273828125 0.17955480078125 0.39295772265625 0.19712562109375 0.41167204296875 0.2011648828125 0.42272837890625 0.19159984375 0.42453691015625 0.17068057421875 0.43422198046875 0.144708078125 0.482258671875 0.048024046875 0.49490493359375 0.03620116015625 0.49502639453125 0.02583240625 0.51094954296875 0.00120892578125 0.51043135546875 0 0.486465359375 0
5 0.38162784375 0 0.38895428515625 0.00501801953125 0.390398421875 0.01520500390625 0.37227812109375 0.0939223203125 0.37519070703125 0.112220203125 0.3830429765625 0.10923916796875 0.40417305859375 0.0405231875 0.4184334609375 0.024374140625 0.415350859375 0.02058939453125 0.4232517265625 0.0134600859375 0.424744453125 0.01949879296875 0.43883484375 0.017862890625 0.443790390625 0 0.38162784375 0
5 0.55699453125 0.0745459765625 0.555453203125 0.072655546875 0.54283126953125 0.08240235546875 0.5264465859375 0.1464247578125 0.5042123984375 0.1759274765625 0.50404238671875 0.1904406171875 0.51319309375 0.21008362890625 0.54761195703125 0.208160828125 0.55715128515625 0.19462928125 0.55925129296875 0.1488281171875 0.5531831875 0.1329698515625 0.562795390625 0.113217828125 0.56474965625 0.079857609375 0.55699453125 0.0745459765625
5 0.46186396875 0.72128928125 0.45251896875 0.71823160546875 0.43517591796875 0.73059979296875 0.407286609375 0.70898971484375 0.38857229296875 0.70495044921875 0.384021234375 0.6930548046875 0.3685353046875 0.6803554453125 0.3560590625 0.6776651953125 0.35297645703125 0.67388044921875 0.3418715234375 0.68759376953125 0.3417743828125 0.6958864375 0.3542263046875 0.7006527734375 0.3555489765625 0.7212085078125 0.3695664921875 0.72579307421875 0.3725762734375 0.73579440625 0.386593796875 0.74037896875 0.41286890625 0.7663191015625 0.4234394765625 0.7982212890625 0.43596426953125 0.79676715234375 0.46154821484375 0.7482433671875 0.46186396875 0.72128928125
5 0.33504162109375 0.3363713671875 0.32882777734375 0.33295405078125 0.3225653828125 0.3336811171875 0.308280703125 0.35190235546875 0.21752450390625 0.35830046875 0.20955076953125 0.37165025390625 0.22168694140625 0.40337067578125 0.279614109375 0.39664528515625 0.28573076171875 0.40835916015625 0.29676282421875 0.40086631640625 0.312224484375 0.41563787109375 0.3325043984375 0.4194953671875 0.3391068671875 0.38973812890625 0.33797848828125 0.35259705859375 0.33504162109375 0.3363713671875
5 0.1730451640625 0.284777765625 0.17025404296875 0.25611112890625 0.1355811875 0.1462510625 0.1127044375 0.09714159765625 0.119088296875 0.0860457734375 0.1179841875 0.0468325078125 0.10396666796875 0.04224794140625 0.102425390625 0.040353625 0.070967671875 0.0564299140625 0.06602794140625 0.07771271875 0.07517865625 0.09735573046875 0.09538569921875 0.107433703125 0.11784951171875 0.19179381640625 0.12555604296875 0.20125373046875 0.13448814453125 0.23955816015625 0.140677671875 0.24505156640625 0.1464542578125 0.28579561328125 0.15721916015625 0.30110858203125 0.16658843359375 0.3020940546875 0.1730451640625 0.284777765625
5 0.23389598046875 0.428870625 0.224648125 0.41752028125 0.219951328125 0.41806558203125 0.118587078125 0.5292262578125 0.10442381640625 0.5370826328125 0.0935374921875 0.53213453515625 0.08402243359375 0.54359388671875 0.09295453515625 0.5818983203125 0.105212125 0.603253875 0.127106234375 0.602781328125 0.1576055859375 0.535050828125 0.16858905859375 0.53170626171875 0.22565504296875 0.46503010546875 0.236662828125 0.45960945703125 0.23389598046875 0.428870625
5 0.57622556640625 0.70179980078125 0.587160484375 0.70259962109375 0.5886046171875 0.71278660546875 0.60409059765625 0.72548207421875 0.60223351953125 0.750545734375 0.60837444921875 0.7601874140625 0.61612957421875 0.76549905078125 0.62554748828125 0.7623323671875 0.6477816328125 0.73283353515625 0.65626544921875 0.6759404453125 0.651714390625 0.664044796875 0.64080379296875 0.661168890625 0.628133265625 0.6750639765625 0.6187639453125 0.67408238671875 0.4869510859375 0.58171236328125 0.475991890625 0.582984734375 0.46801815625 0.596334515625 0.467751 0.61914032421875 0.47871019140625 0.61786795703125 0.481671328125 0.632021453125 0.49414757421875 0.634711703125 0.50023991015625 0.6485016640625 0.51117483203125 0.64930148828125 0.5359329375 0.6712751015625 0.54995045703125 0.67585966796875 0.55763271484375 0.68739178125 0.571698828125 0.6878280703125 0.57622556640625 0.70179980078125
5 0.1980836875 0.149349125 0.18856867578125 0.16080459375 0.1883500625 0.17946601171875 0.199066328125 0.19893114453125 0.22389730078125 0.21468428515625 0.2363978203125 0.21530234375 0.2689110546875 0.24258759765625 0.2783046484375 0.2414969921875 0.29046509375 0.27114521875 0.304434015625 0.27987806640625 0.3170316796875 0.272203453125 0.32979940234375 0.2500118125 0.33490909375 0.2142197578125 0.3162676484375 0.20396001953125 0.295914859375 0.2063229921875 0.26951828515625 0.1907516171875 0.27917908203125 0.16685131640625 0.281643390625 0.08995167578125 0.27078138671875 0.0829274921875 0.26933720703125 0.07274439453125 0.2818863203125 0.06921417578125 0.2839620078125 0.02548909765625 0.280927953125 0.01755996484375 0.2669104296875 0.01297539453125 0.2590824375 0.01388423046875 0.23239437890625 0.02319474609375 0.22762471484375 0.0299605234375 0.22738183203125 0.05069413671875 0.23817096484375 0.06393879296875 0.23954227734375 0.08034236328125 0.2472488046875 0.08980227734375 0.25721209765625 0.1735443359375 0.26959115234375 0.18453114453125 0.25395948046875 0.184272734375 0.24938410546875 0.174453171875 0.2059116796875 0.1484402890625 0.1980836875 0.149349125
5 0.63383030078125 0.055274515625 0.62607517578125 0.0499628828125 0.615115984375 0.05123525 0.60567383984375 0.05647024609375 0.599217109375 0.07378653515625 0.578935 0.33704584765625 0.55665226171875 0.370692953125 0.562647453125 0.39277558203125 0.586034296875 0.3983417421875 0.6204774765625 0.39434286328125 0.63326947265625 0.37007902734375 0.63184961328125 0.35781984765625 0.6164851015625 0.33475562890625 0.6367186171875 0.07564459765625 0.63383030078125 0.055274515625
5 0.759599375 0.1297101875 0.76155359375 0.096353859375 0.76632326171875 0.08958808203125 0.76928444921875 0.10373769140625 0.7739812421875 0.103192390625 0.77723390625 0.09246010546875 0.797829578125 0.069363515625 0.79829106640625 0.029968484375 0.77967394140625 0.01763265625 0.76717342578125 0.0170146015625 0.7588248671875 0.01798387890625 0.73581284765625 0.02479822265625 0.7277662421875 0.04436848046875 0.7322444296875 0.0624846015625 0.72997445703125 0.12279501171875 0.67734912890625 0.3442559296875 0.673804984375 0.379870109375 0.68156011328125 0.3851817421875 0.7082481640625 0.3758712265625 0.71145223046875 0.36928721875 0.74933134375 0.20544646484375 0.7516499140625 0.1409877734375 0.759599375 0.1297101875
5 0 0.38554205078125 0.0186669609375 0.6505739140625 0.02928608203125 0.67833171484375 0.037114078125 0.67742287890625 0.055949859375 0.67109339453125 0.0593725390625 0.64584796484375 0.047516828125 0.45672140234375 0.03036810546875 0.4525003671875 0.03141255859375 0.36334155078125 0.04396162109375 0.35981521484375 0.04728715234375 0.34286245703125 0.04762723046875 0.31383228515625 0.0336582578125 0.305103328125 0.03209265625 0.30528509765625 0 0.3143057265625 0 0.38554205078125
5 0.4668787578125 0.4266691953125 0.46981562109375 0.44289488671875 0.58602104296875 0.5329381875 0.5936790234375 0.5465424921875 0.658656890625 0.60526127734375 0.66667921875 0.58776321484375 0.6687306328125 0.54611033203125 0.4396695546875 0.34700266015625 0.4319630234375 0.33754274609375 0.43846830078125 0.3160820625 0.42924472265625 0.30265952734375 0.4167199296875 0.3041136640625 0.3960756640625 0.33135853125 0.38321084375 0.36183894921875 0.38142663671875 0.38068213671875 0.389181765625 0.3859937734375 0.38906030078125 0.3963625234375 0.4047162890625 0.3945448515625 0.40481343359375 0.38625218359375 0.4126900234375 0.3811950703125 0.43585825390625 0.4054226484375 0.449924328125 0.40586282421875 0.45442683203125 0.421902859375 0.4668787578125 0.4266691953125
5 0.2099836015625 0.86856103125 0.21338200390625 0.84538780078125 0.2437842109375 0.7859499609375 0.24556841796875 0.76710677734375 0.259828828125 0.7509577265625 0.2777062421875 0.69297403125 0.2871970234375 0.68358687109375 0.303217359375 0.6506668359375 0.3162522421875 0.6056693828125 0.34188478125 0.55299732421875 0.3700655625 0.54972551171875 0.37038131640625 0.52277142578125 0.320792234375 0.48504466796875 0.31139864453125 0.48613526953125 0.3018107109375 0.50381509765625 0.31098569921875 0.5213859140625 0.30912862109375 0.54644957421875 0.29640954296875 0.564489046875 0.15024795703125 0.89620180078125 0.151522078125 0.92090192578125 0.16233553125 0.9320705 0.18124418359375 0.91952054296875 0.1813170546875 0.91330006640625 0.20193699609375 0.88813128515625 0.1973130703125 0.88245611328125 0.2099836015625 0.86856103125