5 0.453125 0.19583203125 0.4625 0.17083203125 0.509375 0.07916796875 0.521875 0.06875 0.521875 0.05833203125 0.5375 0.03541796875 0.5296875 0.01666796875 0.521875 0.01666796875 0.4703125 0.10208203125 0.44375 0.16458203125 0.415625 0.18958203125 0.4125 0.2 0.421875 0.21875 0.440625 0.225 0.4515625 0.21666796875 0.453125 0.19583203125
5 0.445625 0 0.4078125 0.00208203125 0.4078125 0.01875 0.415625 0.025 0.4171875 0.03541796875 0.4 0.1125 0.403125 0.13125 0.4109375 0.12916796875 0.43125 0.0625 0.4453125 0.04791796875 0.4421875 0.04375 0.45 0.0375 0.4515625 0.04375 0.465625 0.04375 0.471875 0.02083203125 0.4546875 0 0.445625 0
5 0.5875 0.18958203125 0.58125 0.17291796875 0.590625 0.15416796875 0.5921875 0.12083203125 0.584375 0.11458203125 0.5828125 0.1125 0.5703125 0.12083203125 0.5546875 0.18333203125 0.5328125 0.21041796875 0.5328125 0.225 0.5421875 0.24583203125 0.5765625 0.24791796875 0.5859375 0.23541796875 0.5875 0.18958203125
5 0.4484375 0.79375 0.459375 0.82708203125 0.471875 0.82708203125 0.496875 0.78125 0.496875 0.75416796875 0.4875 0.75 0.4703125 0.76041796875 0.4421875 0.73541796875 0.4234375 0.72916796875 0.41875 0.71666796875 0.403125 0.70208203125 0.390625 0.69791796875 0.3875 0.69375 0.3765625 0.70625 0.3765625 0.71458203125 0.3890625 0.72083203125 0.390625 0.74166796875 0.4046875 0.74791796875 0.4078125 0.75833203125 0.421875 0.76458203125 0.4484375 0.79375
5 0.34375 0.42916796875 0.3640625 0.43541796875 0.3703125 0.40625 0.36875 0.36875 0.365625 0.35208203125 0.359375 0.34791796875 0.353125 0.34791796875 0.3390625 0.36458203125 0.2484375 0.36041796875 0.240625 0.37291796875 0.253125 0.40625 0.3109375 0.40625 0.3171875 0.41875 0.328125 0.4125 0.34375 0.42916796875
5 0.1703125 0.2375 0.1765625 0.27916796875 0.1875 0.29583203125 0.196875 0.29791796875 0.203125 0.28125 0.2 0.25208203125 0.1640625 0.1375 0.140625 0.08541796875 0.146875 0.075 0.1453125 0.03541796875 0.13125 0.02916796875 0.1296875 0.02708203125 0.0984375 0.03958203125 0.09375 0.06041796875 0.103125 0.08125 0.1234375 0.09375 0.146875 0.18125 0.1546875 0.19166796875 0.1640625 0.23125 0.1703125 0.2375
5 0.190625 0.53125 0.2015625 0.52916796875 0.2578125 0.46875 0.26875 0.46458203125 0.265625 0.43333203125 0.25625 0.42083203125 0.2515625 0.42083203125 0.1515625 0.52083203125 0.1375 0.52708203125 0.1265625 0.52083203125 0.1171875 0.53125 0.1265625 0.57083203125 0.1390625 0.59375 0.1609375 0.59583203125 0.190625 0.53125
5 0.5703125 0.7125 0.584375 0.71875 0.5921875 0.73125 0.60625 0.73333203125 0.6109375 0.74791796875 0.621875 0.75 0.6234375 0.76041796875 0.6390625 0.775 0.6375 0.8 0.64375 0.81041796875 0.6515625 0.81666796875 0.6609375 0.81458203125 0.6828125 0.7875 0.690625 0.73125 0.6859375 0.71875 0.675 0.71458203125 0.6625 0.72708203125 0.653125 0.725 0.5203125 0.61666796875 0.509375 0.61666796875 0.5015625 0.62916796875 0.5015625 0.65208203125 0.5125 0.65208203125 0.515625 0.66666796875 0.528125 0.67083203125 0.534375 0.68541796875 0.5453125 0.6875 0.5703125 0.7125
5 0.2984375 0.19166796875 0.2828125 0.18958203125 0.278125 0.17916796875 0.234375 0.14791796875 0.2265625 0.14791796875 0.2171875 0.15833203125 0.2171875 0.17708203125 0.228125 0.19791796875 0.253125 0.21666796875 0.265625 0.21875 0.2984375 0.25 0.3078125 0.25 0.3203125 0.28125 0.334375 0.29166796875 0.346875 0.28541796875 0.359375 0.26458203125 0.3640625 0.22916796875 0.3453125 0.21666796875 0.325 0.21666796875 0.2984375 0.19791796875 0.3078125 0.175 0.309375 0.09791796875 0.2984375 0.08958203125 0.296875 0.07916796875 0.309375 0.07708203125 0.3109375 0.03333203125 0.3078125 0.025 0.29375 0.01875 0.2859375 0.01875 0.259375 0.025 0.2546875 0.03125 0.2546875 0.05208203125 0.265625 0.06666796875 0.2671875 0.08333203125 0.275 0.09375 0.2859375 0.17916796875 0.2984375 0.19166796875
5 0.6640625 0.42083203125 0.6625 0.40833203125 0.646875 0.38333203125 0.6640625 0.125 0.6609375 0.10416796875 0.653125 0.09791796875 0.6421875 0.09791796875 0.6328125 0.10208203125 0.6265625 0.11875 0.609375 0.38125 0.5875 0.4125 0.59375 0.43541796875 0.6171875 0.44375 0.6515625 0.44375 0.6640625 0.42083203125
5 0.7390625 0.43541796875 0.7421875 0.42916796875 0.778125 0.26875 0.7796875 0.20416796875 0.7875 0.19375 0.7890625 0.16041796875 0.79375 0.15416796875 0.796875 0.16875 0.8015625 0.16875 0.8046875 0.15833203125 0.825 0.1375 0.825 0.09791796875 0.80625 0.08333203125 0.79375 0.08125 0.78541796875 0.08125 0.7625 0.08541796875 0.7546875 0.10416796875 0.759375 0.12291796875 0.7578125 0.18333203125 0.7078125 0.4 0.7046875 0.43541796875 0.7125 0.44166796875 0.7390625 0.43541796875
5 0.071875 0.66041796875 0.090625 0.65625 0.09375 0.63125 0.0796875 0.43958203125 0.0625 0.43333203125 0.0625 0.34375 0.075 0.34166796875 0.078125 0.325 0.078125 0.29583203125 0.0640625 0.28541796875 0.0625 0.28541796875 0.0125 0.29375 0.0078125 0.30208203125 0.0078125 0.32291796875 0.0125 0.33333203125 0.0296875 0.34166796875 0.053125 0.63125 0.0640625 0.66041796875 0.071875 0.66041796875
5 0.44375 0.40625 0.4671875 0.43333203125 0.48125 0.43541796875 0.4859375 0.45208203125 0.4984375 0.45833203125 0.5015625 0.475 0.61875 0.57916796875 0.6265625 0.59375 0.6921875 0.66041796875 0.7 0.64375 0.7015625 0.60208203125 0.4703125 0.375 0.4625 0.36458203125 0.46875 0.34375 0.459375 0.32916796875 0.446875 0.32916796875 0.4265625 0.35416796875 0.4140625 0.38333203125 0.4125 0.40208203125 0.4203125 0.40833203125 0.4203125 0.41875 0.4359375 0.41875 0.4359375 0.41041796875 0.44375 0.40625
5 0.21875 0.92083203125 0.21875 0.91458203125 0.2390625 0.89166796875 0.234375 0.88541796875 0.246875 0.87291796875 0.25 0.85 0.2796875 0.79375 0.28125 0.775 0.2953125 0.76041796875 0.3125 0.70416796875 0.321875 0.69583203125 0.3375 0.66458203125 0.35 0.62083203125 0.375 0.57083203125 0.403125 0.57083203125 0.403125 0.54375 0.353125 0.5 0.34375 0.5 0.334375 0.51666796875 0.34375 0.53541796875 0.3421875 0.56041796875 0.3296875 0.57708203125 0.1875 0.89375 0.1890625 0.91875 0.2 0.93125 0.21875 0.92083203125