5 0.7598843203125 0.29272190625 0.7725256328125 0.27090169921875 0.7739427421875 0.2522173828125 0.7449781328125 0.22024449609375 0.7340689453125 0.219227015625 0.72190000390625 0.234819109375 0.7198531640625 0.26180627734375 0.645107984375 0.378188765625 0.6419750546875 0.39880246875 0.63418277734375 0.3980756953125 0.63637096484375 0.38991820703125 0.6239193359375 0.36785095703125 0.60661897265625 0.36832679296875 0.46821146875 0.57912621484375 0.45963210546875 0.58877702734375 0.43781373046875 0.58674205859375 0.42984778515625 0.608998328125 0.43762404296875 0.630629515625 0.43543556640625 0.6387908984375 0.4458723828125 0.646036484375 0.4438415546875 0.65211923828125 0.437607734375 0.65153781640625 0.46175593359375 0.664241078125 0.45053173046875 0.6673769609375 0.4640854609375 0.6749132578125 0.4860611953125 0.674873484375 0.4974590625 0.64875455859375 0.495617921875 0.610949859375 0.50575573828125 0.60144440625 0.5013953828125 0.59685497265625 0.56785960546875 0.5068821171875 0.5790998203125 0.48284181640625 0.59203983203125 0.47777655078125 0.59765994140625 0.46575640234375 0.60576723046875 0.46232980859375 0.6137331796875 0.4400735390625 0.62933374609375 0.420622671875 0.628562671875 0.41009584375 0.641660046875 0.4029558359375 0.6514671328125 0.4185042734375 0.65724459765625 0.4044093828125 0.6697122421875 0.40557222265625 0.67657579296875 0.39785079296875 0.67253044921875 0.38910799609375 0.6945221953125 0.36816380859375 0.69016184375 0.36357437890625 0.699213875 0.3476915703125 0.713869703125 0.34069691796875 0.7112251640625 0.3341781015625 0.7198048203125 0.3245233984375 0.7258809921875 0.32718344921875 0.72495255859375 0.318731359375 0.73353192578125 0.30908055078125 0.7307300234375 0.30463647265625 0.7598843203125 0.29272190625
4 0.58700508984375 0.33722603125 0.588736921875 0.31439223828125 0.5842352265625 0.2909731328125 0.56367660546875 0.2723285859375 0.55432587109375 0.2714564609375 0.527343453125 0.29612183984375 0.52466687890625 0.33141184765625 0.53836194921875 0.3577778203125 0.5662564921875 0.36247283203125 0.58700508984375 0.33722603125
4 0.50114870703125 0.3104018515625 0.4953872578125 0.303592328125 0.48136115625 0.30228413671875 0.48027507421875 0.29591067578125 0.4787166171875 0.2957653203125 0.45110446875 0.328733546875 0.45045842578125 0.3579446953125 0.456518875 0.38150526171875 0.48908878125 0.38663633984375 0.494708890625 0.37461619140625 0.5026588203125 0.3732643359375 0.5082949453125 0.3403397734375 0.50114870703125 0.3104018515625
4 0.49275505078125 0.48315015625 0.4994772578125 0.4565990546875 0.49248837890625 0.4245863984375 0.47441694140625 0.41453540625 0.46974157421875 0.41409933984375 0.4519685390625 0.42080717578125 0.43932752734375 0.44262348828125 0.442412109375 0.4847269140625 0.449417 0.49583516015625 0.458767734375 0.4967072890625 0.4581380078125 0.5050101328125 0.46904719140625 0.5060276171875 0.469676921875 0.4977247734375 0.47387991796875 0.50438894140625 0.48042875390625 0.5008169921875 0.49275505078125 0.48315015625
5 0.87976034765625 0.26417623828125 0.873070171875 0.248918515625 0.85469973046875 0.2221164765625 0.83958755078125 0.21443482421875 0.83802909765625 0.21428947265625 0.8244593515625 0.2276575859375 0.825529125 0.2549393515625 0.80633927734375 0.280327609375 0.80898381640625 0.28684642578125 0.80274999609375 0.2862650078125 0.77498048828125 0.32130797265625 0.77575155859375 0.331834796875 0.7874321171875 0.34337522265625 0.7981836484375 0.3464713359375 0.80396141015625 0.3323725546875 0.8151853125 0.3292405625 0.822363875 0.31736576953125 0.8180035234375 0.3127763359375 0.82159280078125 0.3068389375 0.84887392578125 0.2989284921875 0.85449403125 0.28690833984375 0.85558012109375 0.2932818046875 0.8647731953125 0.29623256640625 0.880059046875 0.28093117578125 0.87976034765625 0.26417623828125
4 0.411558015625 0.477666453125 0.41533698046875 0.42784159765625 0.40911917578125 0.40635576953125 0.38201172265625 0.39128317578125 0.37266098828125 0.390411046875 0.3595636171875 0.39755105078125 0.34552120703125 0.4171511640625 0.34501680859375 0.46518809375 0.3490461328125 0.4948353046875 0.3548075859375 0.50164483203125 0.38597669140625 0.504551921875 0.411558015625 0.477666453125
4 0.295852953125 0.554685109375 0.32113528125 0.51104859375 0.3182080546875 0.46687043359375 0.2965633515625 0.44185242578125 0.291887984375 0.44141636328125 0.264921875 0.4451734375 0.24697546484375 0.474860421875 0.25035875390625 0.53371878125 0.26389646484375 0.56215949609375 0.26997292578125 0.56481565234375 0.2824405703125 0.56597848828125 0.295852953125 0.554685109375
5 0.642411421875 0.6413681328125 0.57790104296875 0.6228070234375 0.56996741796875 0.60325057421875 0.55937324609375 0.5980797265625 0.55469787890625 0.59764366015625 0.548149046875 0.601215609375 0.53580673046875 0.639786859375 0.5326574921875 0.68130886328125 0.5384029296875 0.70902280078125 0.55976494921875 0.69638146484375 0.62381897265625 0.700266265625 0.63520053125 0.695055640625 0.64738548828125 0.6585591328125 0.642411421875 0.6413681328125
4 0.4817405234375 0.21450923046875 0.465053578125 0.22759052734375 0.45044609375 0.17186805078125 0.43549126953125 0.16211166015625 0.4339328125 0.1619663046875 0.40649433203125 0.17195148828125 0.3918224921875 0.19985055078125 0.3899330078125 0.2247629765625 0.41282115625 0.25407970703125 0.4441479140625 0.254908171875 0.44835091015625 0.26157234375 0.45834738671875 0.2332372109375 0.465162890625 0.28822901953125 0.49789044921875 0.29128146875 0.501794453125 0.28119459765625 0.51301865234375 0.27805871484375 0.51662394921875 0.25121690234375 0.50932035546875 0.22335371875 0.5020004453125 0.21639883984375 0.4817405234375 0.21450923046875
5 0.84814721875 0.432669484375 0.85159515625 0.4079024140625 0.84008856640625 0.37337505859375 0.829809109375 0.364054734375 0.8235752890625 0.3634733125 0.813594828125 0.37090403125 0.8107766171875 0.38736825390625 0.8021969609375 0.39702295703125 0.6985034765625 0.46052425390625 0.69100990625 0.47655241796875 0.694110796875 0.4977475390625 0.70579105859375 0.50929185546875 0.71281226171875 0.499491796875 0.7333868984375 0.4972319296875 0.72746808984375 0.49249714453125 0.7402507421875 0.48950661328125 0.74555583984375 0.48163983203125 0.77236458984375 0.4799574921875 0.77814205859375 0.46586260546875 0.79544242578125 0.46538676953125 0.8233532734375 0.449173484375 0.8356635625 0.4524110546875 0.84814721875 0.432669484375
5 0.90388487109375 0.71174990625 0.90374352734375 0.692920234375 0.91484240234375 0.65005026171875 0.8991165 0.62976704296875 0.88664886328125 0.628604203125 0.8751096484375 0.6358934609375 0.8718193671875 0.65858190234375 0.85185814453125 0.67344722265625 0.66040248828125 0.75594507421875 0.64979200390625 0.77168252734375 0.6505470625 0.80311376953125 0.65522242578125 0.80354983203125 0.65739459765625 0.8162967578125 0.66690298046875 0.81509025390625 0.677198453125 0.80350616796875 0.69793074609375 0.799167671875 0.7016773828125 0.79115553515625 0.71897775 0.790679703125 0.724597859375 0.7786595546875 0.7577977890625 0.77548389453125 0.7584278125 0.76717715625 0.77744399609375 0.7647719375 0.78618101171875 0.7530425 0.81953859765625 0.74778820703125 0.81361949609375 0.74305731640625 0.84245907421875 0.7352922265625 0.84792182421875 0.72534681640625 0.879878015625 0.71787632421875 0.88952774609375 0.73549949609375 0.89576156640625 0.7360809140625 0.898107109375 0.7258486875 0.9155651328125 0.72329422265625 0.9244595078125 0.70949004296875 0.9224610078125 0.673760078125 0.92013148046875 0.66308789453125 0.9151411015625 0.66680519921875 0.91120477734375 0.7187047890625 0.90388487109375 0.71174990625
5 0.762081453125 0.67761822265625 0.7751951328125 0.64956991015625 0.77661224609375 0.63088558984375 0.64889928515625 0.51444055859375 0.64690078125 0.47871059765625 0.6336620703125 0.46702092578125 0.63054515625 0.46673021875 0.61884858984375 0.4760942109375 0.589346953125 0.53397486328125 0.58789780859375 0.59446800390625 0.59085706640625 0.59683734375 0.59460400390625 0.58882131640625 0.6069139921875 0.59206278125 0.6125341015625 0.58004263671875 0.621884828125 0.58091476171875 0.6212551015625 0.58921760546875 0.62764628125 0.5877242890625 0.63184927734375 0.59438845703125 0.626591671875 0.60395707421875 0.629503734375 0.60462068359375 0.67981434765625 0.64485664453125 0.69088089453125 0.64379938671875 0.68729161328125 0.64973678515625 0.69461151953125 0.6566916640625 0.69975925390625 0.650899625 0.69539890234375 0.64631019140625 0.70210509375 0.6406635 0.7100387109375 0.66021994921875 0.713312984375 0.658435921875 0.70879526953125 0.6559212265625 0.71705991796875 0.65041989453125 0.7301412734375 0.66418430078125 0.70800788671875 0.66630269921875 0.71096744140625 0.66866815234375 0.727638078125 0.67649515625 0.72998362109375 0.6662629296875 0.7393343515625 0.6671350546875 0.7449384453125 0.6760193203125 0.762081453125 0.67761822265625
4 0.3755758828125 0.2485125625 0.3807396328125 0.221816109375 0.3735933984375 0.1918781875 0.36487239453125 0.18270321484375 0.35240475390625 0.18154037890625 0.327453453125 0.2001191171875 0.32057358984375 0.22874884375 0.308893328125 0.21720453125 0.29470958203125 0.21797497265625 0.27709419921875 0.22260417578125 0.2683571796875 0.2343336171875 0.2613199609375 0.2650380859375 0.26766309765625 0.326258 0.26279804296875 0.36970938671875 0.2685431875 0.39742721875 0.27757919921875 0.4024488203125 0.2710303671875 0.40602076953125 0.27367490625 0.4125395859375 0.3018844609375 0.41308123046875 0.30843329296875 0.40950928125 0.30235683203125 0.406853125 0.304230296875 0.40284511328125 0.32823685546875 0.39672258984375 0.335274078125 0.36601812109375 0.3301586640625 0.32999744921875 0.3220676875 0.31251573828125 0.3230124296875 0.30005952734375 0.32551562890625 0.287748671875 0.3358111015625 0.27616458203125 0.34843609765625 0.27525268359375 0.34267465234375 0.26844315625 0.34610657421875 0.2645805 0.367294921875 0.274922203125 0.3521667265625 0.2881449609375 0.34607425 0.30639321484375 0.347443015625 0.3504260234375 0.35539265625 0.34907805859375 0.36644318359375 0.36892521484375 0.3725196484375 0.37158137109375 0.3666008359375 0.36684658203125 0.3701901171875 0.3609091875 0.3790684765625 0.368009421875 0.38561701953125 0.3644413671875 0.39262220703125 0.37554571875 0.4118120546875 0.3501574609375 0.41760583203125 0.315154265625 0.4064139609375 0.2764774375 0.3648080390625 0.2663247578125 0.365595125 0.255947171875 0.3755758828125 0.2485125625
5 0.6436622265625 0.23170474609375 0.63336675390625 0.24328883203125 0.62401601953125 0.242416703125 0.5755625625 0.21908103515625 0.564653375 0.21806355078125 0.559190921875 0.2280050703125 0.55964698046875 0.242685265625 0.5710285390625 0.23747464453125 0.6149642890625 0.2582956171875 0.62601481640625 0.2781427734375 0.6256837890625 0.3032005546875 0.64594370703125 0.30509016796875 0.66126158984375 0.24797994921875 0.65753096484375 0.23508767578125 0.6436622265625 0.23170474609375