4 0.495788828125 0.5402114140625 0.51910818359375 0.535872640625 0.5321136171875 0.515113765625 0.52519619140625 0.4784634921875 0.51277366015625 0.466916546875 0.48746140234375 0.46966353515625 0.4718778515625 0.4932804453125 0.476919828125 0.52188154296875 0.495788828125 0.5402114140625
4 0.54268190234375 0.7414708984375 0.538226015625 0.70842375390625 0.53224907421875 0.7036559609375 0.46896886328125 0.7105253203125 0.45971199609375 0.71952653125 0.46967618359375 0.75533012890625 0.53037826953125 0.751318796875 0.54268190234375 0.7414708984375
4 0.248179484375 0.59830508984375 0.2628303984375 0.62637749609375 0.28544795703125 0.63294969921875 0.30642323046875 0.61855040625 0.3119283359375 0.59344707421875 0.29833216796875 0.56293998046875 0.28637828125 0.5534043828125 0.27172968359375 0.553187984375 0.253801171875 0.56674059375 0.248179484375 0.59830508984375
4 0.36350030078125 0.7034035859375 0.39490608203125 0.698963234375 0.4036943125 0.687950671875 0.394198765625 0.6541584296875 0.36197227734375 0.648114921875 0.3229495859375 0.65467198046875 0.3208433046875 0.687401140625 0.32775841015625 0.6961954140625 0.36350030078125 0.7034035859375
4 0.66653978125 0.6534795859375 0.6793120546875 0.6456430390625 0.6743866484375 0.61058076953125 0.66641768359375 0.60422496484375 0.61907396484375 0.59595370703125 0.60184725 0.59859533984375 0.595403984375 0.61967219921875 0.6025545703125 0.6434001484375 0.66653978125 0.6534795859375
4 0.407665875 0.55184288671875 0.42688373046875 0.55078548828125 0.4308663359375 0.52610927734375 0.423599171875 0.5088424921875 0.3671119609375 0.47525150390625 0.35750303515625 0.475780203125 0.34742691015625 0.50214978515625 0.35071003125 0.51624055078125 0.407665875 0.55184288671875
4 0.16379262109375 0.45889510546875 0.182075515625 0.48167101171875 0.21195791796875 0.477654 0.22367312890625 0.444396140625 0.2146471015625 0.41261901953125 0.207732 0.40382475 0.197653546875 0.40233832421875 0.17128742578125 0.40752378125 0.1572272578125 0.43071734375 0.16379262109375 0.45889510546875
4 0.268431765625 0.3719574140625 0.2689027265625 0.401824765625 0.2810929765625 0.42629781640625 0.30207057421875 0.43975452734375 0.314257625 0.436367796875 0.325154453125 0.42048207421875 0.3298379765625 0.384891109375 0.3245637109375 0.36921610546875 0.31460184375 0.3612685234375 0.28999226171875 0.35310830859375 0.268431765625 0.3719574140625
4 0.2434590859375 0.2438931171875 0.247326546875 0.25353030078125 0.29068854296875 0.286481546875 0.311314078125 0.2914657421875 0.32654789453125 0.287232328125 0.31623164453125 0.24295622265625 0.28236199609375 0.21593744140625 0.262791203125 0.2085185546875 0.24779287109375 0.22768564453125 0.2434590859375 0.2438931171875
4 0.3945171484375 0.30048778125 0.42639389453125 0.32591478125 0.44901144921875 0.332486984375 0.46881541015625 0.32698355078125 0.474321390625 0.3018839921875 0.46060776171875 0.27783428515625 0.424629515625 0.25568866015625 0.40283353515625 0.25960408984375 0.39170354296875 0.28841213671875 0.3945171484375 0.30048778125
4 0.56572890625 0.332195515625 0.55635545703125 0.347657890625 0.5508503515625 0.37276121875 0.55460211328125 0.38886333984375 0.56983824609375 0.4124859296875 0.58437026171875 0.4191634921875 0.6102677421875 0.4119666875 0.62362523046875 0.39968033203125 0.62526287109375 0.36493981640625 0.60615839453125 0.3316762734375 0.59666605078125 0.3257438125 0.56572890625 0.332195515625