5 0.284375 0.28333203125 0.2921875 0.29375 0.2890625 0.3 0.303125 0.30833203125 0.3109375 0.325 0.30625 0.32916796875 0.3265625 0.35208203125 0.321875 0.36041796875 0.328125 0.36875 0.340625 0.36875 0.3453125 0.38333203125 0.35625 0.36875 0.36875 0.37708203125 0.3671875 0.3875 0.38125 0.40833203125 0.3875 0.43125 0.3953125 0.43541796875 0.4 0.44791796875 0.4125 0.45416796875 0.421875 0.47916796875 0.48125 0.575 0.4765625 0.57916796875 0.4859375 0.58958203125 0.48125 0.62708203125 0.490625 0.65416796875 0.5125 0.65625 0.5265625 0.65 0.515625 0.64583203125 0.540625 0.63541796875 0.534375 0.63541796875 0.5328125 0.62916796875 0.54375 0.62291796875 0.5421875 0.61458203125 0.5515625 0.59375 0.5453125 0.57083203125 0.5234375 0.57083203125 0.515625 0.56041796875 0.39375 0.3375 0.3765625 0.33541796875 0.3625 0.35625 0.3640625 0.36458203125 0.35625 0.36458203125 0.3546875 0.34375 0.2890625 0.22083203125 0.2890625 0.19375 0.278125 0.17708203125 0.2671875 0.17708203125 0.2359375 0.20625 0.2359375 0.225 0.246875 0.24791796875 0.275 0.2625 0.271875 0.26666796875 0.2796875 0.27708203125 0.278125 0.28541796875 0.284375 0.28333203125
4 0.453125 0.24583203125 0.44375 0.24583203125 0.421875 0.2625 0.415625 0.28541796875 0.415625 0.30833203125 0.434375 0.33541796875 0.4625 0.33333203125 0.478125 0.30833203125 0.478125 0.27291796875 0.453125 0.24583203125
4 0.5421875 0.36458203125 0.55 0.34166796875 0.5515625 0.3125 0.5265625 0.27708203125 0.525 0.27708203125 0.5234375 0.28333203125 0.509375 0.28333203125 0.503125 0.28958203125 0.49375 0.31875 0.496875 0.35208203125 0.5046875 0.35416796875 0.509375 0.36666796875 0.5421875 0.36458203125
4 0.53125 0.4875 0.53125 0.47916796875 0.540625 0.47916796875 0.5484375 0.46875 0.5546875 0.42708203125 0.54375 0.40416796875 0.5265625 0.39583203125 0.521875 0.39583203125 0.503125 0.40416796875 0.49375 0.43541796875 0.4984375 0.4625 0.509375 0.48125 0.515625 0.48541796875 0.5203125 0.47916796875 0.5203125 0.4875 0.53125 0.4875
5 0.1578125 0.24583203125 0.184375 0.25625 0.1875 0.2625 0.1828125 0.26666796875 0.1890625 0.27916796875 0.2 0.28333203125 0.2046875 0.29791796875 0.215625 0.29583203125 0.228125 0.28541796875 0.2296875 0.275 0.2046875 0.2375 0.1984375 0.2375 0.2015625 0.23125 0.184375 0.20416796875 0.1875 0.17708203125 0.175 0.1625 0.1734375 0.1625 0.1578125 0.16875 0.1375 0.19375 0.1296875 0.20833203125 0.128125 0.225 0.1421875 0.24166796875 0.1515625 0.23958203125 0.153125 0.23333203125 0.1578125 0.24583203125
4 0.65 0.41041796875 0.6375 0.38958203125 0.625 0.38125 0.615625 0.38125 0.5875 0.39375 0.5796875 0.41458203125 0.5796875 0.46458203125 0.603125 0.49375 0.634375 0.49375 0.640625 0.4875 0.646875 0.45833203125 0.65 0.41041796875
4 0.74375 0.47708203125 0.728125 0.44583203125 0.7015625 0.43958203125 0.696875 0.43958203125 0.6734375 0.4625 0.6671875 0.50625 0.6890625 0.55208203125 0.7015625 0.56458203125 0.7140625 0.56458203125 0.7203125 0.5625 0.7359375 0.53541796875 0.74375 0.47708203125
5 0.4359375 0.68333203125 0.44375 0.65625 0.44375 0.61458203125 0.434375 0.575 0.428125 0.57083203125 0.4234375 0.57083203125 0.4125 0.575 0.403125 0.59375 0.3375 0.60625 0.33125 0.62291796875 0.340625 0.66041796875 0.3515625 0.66666796875 0.415625 0.66875 0.4359375 0.68333203125
4 0.5046875 0.26041796875 0.5078125 0.27083203125 0.540625 0.27083203125 0.5515625 0.21666796875 0.559375 0.24583203125 0.5640625 0.23958203125 0.5953125 0.24166796875 0.6203125 0.21458203125 0.6203125 0.18958203125 0.6078125 0.16041796875 0.58125 0.14791796875 0.5796875 0.14791796875 0.5640625 0.15625 0.5453125 0.21041796875 0.5296875 0.19583203125 0.509375 0.19583203125 0.5015625 0.20208203125 0.4921875 0.22916796875 0.49375 0.25625 0.5046875 0.26041796875
5 0.2203125 0.43333203125 0.246875 0.4375 0.2515625 0.44583203125 0.2640625 0.45 0.2578125 0.45416796875 0.278125 0.45833203125 0.284375 0.46875 0.296875 0.45833203125 0.3015625 0.4375 0.2953125 0.42083203125 0.196875 0.34791796875 0.1890625 0.3375 0.1875 0.32083203125 0.178125 0.3125 0.171875 0.3125 0.1609375 0.32083203125 0.146875 0.35416796875 0.1484375 0.37916796875 0.159375 0.4 0.171875 0.39791796875 0.1984375 0.41666796875 0.215625 0.41875 0.2203125 0.43333203125
5 0.0515625 0.64791796875 0.059375 0.6625 0.0765625 0.66666796875 0.078125 0.67708203125 0.084375 0.67708203125 0.0953125 0.66041796875 0.1265625 0.67083203125 0.13125 0.68125 0.159375 0.69166796875 0.153125 0.69583203125 0.1859375 0.70416796875 0.19375 0.71666796875 0.2125 0.72083203125 0.2125 0.72916796875 0.2453125 0.73541796875 0.25 0.74791796875 0.2671875 0.75 0.2703125 0.75833203125 0.290625 0.76458203125 0.3 0.77708203125 0.309375 0.77916796875 0.3125 0.76666796875 0.3171875 0.76666796875 0.3203125 0.73541796875 0.3109375 0.71875 0.1265625 0.61875 0.1078125 0.60208203125 0.10625 0.57916796875 0.0953125 0.57083203125 0.0828125 0.57083203125 0.065625 0.58958203125 0.0734375 0.63333203125 0.071875 0.65208203125 0.0640625 0.65833203125 0.0640625 0.60625 0.059375 0.60208203125 0.05625 0.6125 0.0515625 0.64791796875
5 0.2671875 0.62708203125 0.2703125 0.625 0.2484375 0.62083203125 0.2625 0.60833203125 0.2703125 0.61458203125 0.265625 0.61666796875 0.26875 0.61875 0.278125 0.6 0.284375 0.60625 0.2796875 0.61041796875 0.284375 0.61666796875 0.2921875 0.61041796875 0.2890625 0.60416796875 0.3 0.60625 0.353125 0.57083203125 0.35607421875 0.57044140625 0.3515625 0.56041796875 0.35625 0.55416796875 0.3625 0.55625 0.3625 0.54791796875 0.371875 0.54791796875 0.3765625 0.56041796875 0.3890625 0.55833203125 0.3921875 0.56666796875 0.3953125 0.56458203125 0.3984375 0.50416796875 0.3734375 0.44375 0.3625 0.43333203125 0.359375 0.43333203125 0.3453125 0.44375 0.340625 0.47916796875 0.2046875 0.58333203125 0.2046875 0.60208203125 0.215625 0.63125 0.2328125 0.63125 0.2390625 0.62291796875 0.2484375 0.62291796875 0.25 0.63333203125 0.2671875 0.62708203125
4 0.5890625 0.3375 0.60625 0.36458203125 0.6140625 0.35416796875 0.6203125 0.35833203125 0.6296875 0.35208203125 0.6328125 0.35833203125 0.6265625 0.3625 0.6328125 0.36041796875 0.6453125 0.34166796875 0.653125 0.34375 0.6578125 0.3 0.653125 0.28125 0.6390625 0.26666796875 0.6609375 0.25833203125 0.6640625 0.2625 0.6578125 0.26875 0.6703125 0.27083203125 0.6796875 0.28333203125 0.68125 0.29583203125 0.68125 0.30833203125 0.671875 0.325 0.6640625 0.36041796875 0.66875 0.39166796875 0.6921875 0.4 0.69375 0.40416796875 0.6875 0.40625 0.69375 0.41041796875 0.721875 0.4125 0.725 0.40625 0.71875 0.40208203125 0.728125 0.39791796875 0.7359375 0.37083203125 0.734375 0.32708203125 0.7453125 0.26666796875 0.740625 0.23541796875 0.7328125 0.22291796875 0.715625 0.21666796875 0.7015625 0.21458203125 0.6890625 0.225 0.684375 0.19583203125 0.6609375 0.175 0.6484375 0.175 0.6390625 0.18333203125 0.6296875 0.2125 0.6328125 0.23958203125 0.6421875 0.24791796875 0.6421875 0.25833203125 0.6 0.26458203125 0.5859375 0.30208203125 0.5890625 0.3375
5 0.38125 0.24583203125 0.39375 0.22708203125 0.4390625 0.21041796875 0.45 0.21666796875 0.4515625 0.20208203125 0.446875 0.19166796875 0.4359375 0.19166796875 0.3859375 0.21041796875 0.3765625 0.21041796875 0.3671875 0.19791796875 0.353125 0.2 0.3484375 0.2125 0.359375 0.27083203125 0.3796875 0.27083203125 0.38125 0.24583203125