4 0.16418573046875 0.48809514453125 0.173376109375 0.50454156640625 0.18271213671875 0.50848662109375 0.20952002734375 0.48912230859375 0.22071129296875 0.468039984375 0.21640727734375 0.4348238046875 0.1900361796875 0.416695734375 0.171218625 0.4212952734375 0.15841472265625 0.44658108203125 0.1581477734375 0.46949439453125 0.16418573046875 0.48809514453125
4 0.2513246171875 0.65890546875 0.25743537109375 0.671257484375 0.26677139453125 0.67520254296875 0.2918696015625 0.668372046875 0.30296381640625 0.65562006640625 0.3078501796875 0.6388503046875 0.30528014453125 0.5910147890625 0.29298583984375 0.57255948046875 0.2695002734375 0.57518648828125 0.25193130859375 0.60683010546875 0.2513246171875 0.65890546875
4 0.42416407421875 0.45289730859375 0.423800078125 0.48414095703125 0.447018703125 0.50442726171875 0.4705285703125 0.49971473828125 0.4816713359375 0.4827956328125 0.48235077734375 0.4244754453125 0.46384866796875 0.401998453125 0.4387261640625 0.41091446484375 0.42416407421875 0.45289730859375
4 0.12814995703125 0.62844875390625 0.132696625 0.64083713671875 0.1543997109375 0.65699267578125 0.18265034375 0.6480078515625 0.18910084375 0.631197828125 0.1928599609375 0.576968140625 0.17281801171875 0.5524458984375 0.1571285859375 0.556976625 0.14447028515625 0.56976496484375 0.12990815234375 0.61175171484375 0.12814995703125 0.62844875390625
4 0.3368531015625 0.56529266015625 0.34594643359375 0.590069421875 0.37395441796875 0.60191240234375 0.3881040078125 0.59533642578125 0.40555162890625 0.5741086640625 0.41060788671875 0.5427559296875 0.3906387421875 0.5119849609375 0.3610181640625 0.50434155859375 0.34046662109375 0.52356043359375 0.3356287578125 0.5361669765625 0.3368531015625 0.56529266015625
4 0.2732483359375 0.38768820703125 0.29006501171875 0.4206174140625 0.3071971796875 0.42646618359375 0.33539930859375 0.42164457421875 0.34827601171875 0.3901100390625 0.35008274609375 0.36924587890625 0.32700972265625 0.3364621171875 0.294212375 0.3330624609375 0.28311816015625 0.3458144453125 0.27341818359375 0.373109140625 0.2732483359375 0.38768820703125
4 0.50108453125 0.292852140625 0.500647734375 0.3303445234375 0.5300256640625 0.3588157265625 0.55668795703125 0.35194887109375 0.57091034765625 0.33912416796875 0.57312962890625 0.2828492265625 0.56855871484375 0.2725424609375 0.55149934375 0.2604449609375 0.52490984765625 0.26106308203125 0.51230009375 0.26968430078125 0.50108453125 0.292852140625
4 0.38830034765625 0.310049140625 0.39729658203125 0.3431601484375 0.4206123046875 0.35511220703125 0.43940565625 0.35259037109375 0.46327947265625 0.31663809765625 0.4621036796875 0.2833452890625 0.4483180859375 0.258677609375 0.4515433125 0.25027455078125 0.4469966484375 0.23788616796875 0.41725472265625 0.24065862109375 0.39821872265625 0.2640082578125 0.38851874609375 0.29130294921875 0.38830034765625 0.310049140625
4 0.527404890625 0.58377003125 0.5427545703125 0.6084013515625 0.5567585625 0.61432283984375 0.58652478515625 0.609464875 0.599425734375 0.57584873046875 0.5969285 0.52176448046875 0.57700790234375 0.486826390625 0.5472174296875 0.49376596484375 0.52481060546875 0.53801612109375 0.5229310234375 0.56513291796875 0.527404890625 0.58377003125
4 0.2941484375 0.74120248828125 0.29359029296875 0.7891107265625 0.319937140625 0.80932040234375 0.35449267578125 0.79602301953125 0.36099167578125 0.7750497734375 0.3649449375 0.7041555 0.3418233203125 0.675542765625 0.32459410546875 0.6780243359375 0.3056551953125 0.69303973046875 0.2941484375 0.74120248828125
4 0.41042479296875 0.692689109375 0.417856984375 0.7258325703125 0.44117270703125 0.73778462890625 0.4710117265625 0.7266779296875 0.4805418515625 0.71396230859375 0.48386412890625 0.69722891015625 0.47997265234375 0.628601953125 0.4754017421875 0.6182951796875 0.456729734375 0.6104011640625 0.43160727734375 0.619313265625 0.41572374609375 0.64050466796875 0.41242567578125 0.65516036328125 0.41042479296875 0.692689109375