4 0.54866015625 0.21041796875 0.53616015625 0.18333203125 0.51116015625 0.175 0.49241015625 0.1875 0.48616015625 0.21041796875 0.48772265625 0.23333203125 0.50959765625 0.25833203125 0.53616015625 0.25416796875 0.54553515625 0.24375 0.54866015625 0.21041796875
4 0.559375 0.47083203125 0.53125 0.46666796875 0.50625 0.5 0.509375 0.53958203125 0.521875 0.55625 0.559375 0.56458203125 0.5796875 0.54166796875 0.5765625 0.49166796875 0.559375 0.47083203125
4 0.503125 0.12291796875 0.503125 0.07708203125 0.4875 0.05 0.4578125 0.04375 0.4359375 0.06041796875 0.4328125 0.10833203125 0.4375 0.125 0.4484375 0.1375 0.4609375 0.14791796875 0.4734375 0.14791796875 0.503125 0.12291796875
5 0.4140625 0.32708203125 0.428125 0.33541796875 0.4625 0.32708203125 0.475 0.3125 0.4734375 0.29791796875 0.453125 0.26875 0.4390625 0.19375 0.4203125 0.1875 0.4078125 0.19791796875 0.4078125 0.22083203125 0.4203125 0.27916796875 0.4171875 0.29166796875 0.4078125 0.3 0.4078125 0.3125 0.4140625 0.32708203125
5 0.1609375 0.5125 0.178125 0.5125 0.184375 0.49791796875 0.1796875 0.43541796875 0.1703125 0.425 0.1546875 0.425 0.1359375 0.45 0.06875 0.45833203125 0.0640625 0.46666796875 0.065625 0.48958203125 0.08125 0.50625 0.1453125 0.5 0.1609375 0.5125
5 0.18125 0.20833203125 0.19375 0.175 0.2546875 0.12083203125 0.25 0.08541796875 0.2359375 0.07916796875 0.1640625 0.13958203125 0.1484375 0.13541796875 0.13125 0.14791796875 0.1390625 0.175 0.165625 0.21666796875 0.175 0.21666796875 0.18125 0.20833203125
5 0.3265625 0.73125 0.4046875 0.68958203125 0.4109375 0.67916796875 0.40625 0.65 0.4015625 0.64166796875 0.3921875 0.64166796875 0.315625 0.68333203125 0.2734375 0.68333203125 0.271875 0.70208203125 0.2875 0.75208203125 0.303125 0.76458203125 0.3140625 0.7625 0.3265625 0.73125
5 0.328125 0.25416796875 0.3578125 0.12916796875 0.35625 0.10625 0.35 0.09583203125 0.3296875 0.09166796875 0.2921875 0.22916796875 0.2671875 0.2625 0.2671875 0.27916796875 0.2765625 0.29166796875 0.3109375 0.30625 0.33125 0.3 0.328125 0.25416796875
5 0.128125 0.69583203125 0.175 0.6625 0.209375 0.66875 0.221875 0.66041796875 0.2234375 0.625 0.2109375 0.58541796875 0.2015625 0.57083203125 0.1796875 0.56041796875 0.1640625 0.57291796875 0.153125 0.61041796875 0.115625 0.63333203125 0.0984375 0.65208203125 0.0984375 0.66875 0.109375 0.68958203125 0.128125 0.69583203125
5 0.440625 0.81041796875 0.4546875 0.80625 0.4609375 0.7625 0.525 0.65 0.5265625 0.63125 0.5203125 0.61458203125 0.5046875 0.60416796875 0.4296875 0.72708203125 0.4171875 0.74166796875 0.4 0.74166796875 0.39375 0.75416796875 0.3984375 0.77083203125 0.4234375 0.8 0.440625 0.81041796875
5 0.29375 0.66875 0.30625 0.66666796875 0.3140625 0.65833203125 0.3203125 0.63541796875 0.4578125 0.55416796875 0.4640625 0.54375 0.4609375 0.51666796875 0.4546875 0.50833203125 0.4453125 0.50833203125 0.3078125 0.58958203125 0.296875 0.59166796875 0.2859375 0.58333203125 0.26875 0.5875 0.265625 0.61041796875 0.28125 0.65416796875 0.29375 0.66875
5 0.1203125 0.3375 0.3140625 0.38958203125 0.3171875 0.39375 0.30625 0.39791796875 0.3 0.41458203125 0.3015625 0.4375 0.3109375 0.44791796875 0.425 0.4375 0.4984375 0.425 0.51875 0.41458203125 0.5390625 0.41666796875 0.5515625 0.43541796875 0.5671875 0.43541796875 0.56875 0.3625 0.5640625 0.34375 0.5546875 0.33541796875 0.540625 0.33541796875 0.5296875 0.36458203125 0.34375 0.39375 0.34375 0.36041796875 0.3359375 0.34375 0.1296875 0.28541796875 0.1140625 0.27708203125 0.1078125 0.25416796875 0.078125 0.25 0.06875 0.25833203125 0.0625 0.28958203125 0.0609375 0.325 0.0671875 0.34791796875 0.096875 0.35625 0.1078125 0.33958203125 0.1203125 0.3375