4 1 0.00208203125 0.01875 0.00208203125 0.0171875 0.00208203125 0.0015625 0.00625 0.0015625 1 1 1 1 0.00208203125
5 0.4125 0.42708203125 0.4359375 0.47083203125 0.4390625 0.48958203125 0.446875 0.49375 0.446875 0.50416796875 0.4828125 0.55625 0.4796875 0.56666796875 0.4953125 0.57916796875 0.4953125 0.59791796875 0.484375 0.62083203125 0.4859375 0.6375 0.5046875 0.64166796875 0.51875 0.63541796875 0.5421875 0.60833203125 0.5484375 0.59583203125 0.5484375 0.58125 0.540625 0.57083203125 0.525 0.575 0.5125 0.5625 0.4078125 0.36458203125 0.3953125 0.34375 0.38125 0.3375 0.3796875 0.3375 0.371875 0.35208203125 0.375 0.37291796875 0.3828125 0.38125 0.384375 0.40208203125 0.396875 0.40416796875 0.409375 0.42291796875 0.40625 0.42708203125 0.4125 0.42708203125
4 0.525 0.39791796875 0.521875 0.39791796875 0.5078125 0.40208203125 0.496875 0.43125 0.5015625 0.46041796875 0.5109375 0.46666796875 0.5421875 0.4625 0.553125 0.43541796875 0.5453125 0.40833203125 0.525 0.39791796875
4 0.54375 0.47083203125 0.5515625 0.45625 0.5546875 0.425 0.54375 0.40208203125 0.5171875 0.39583203125 0.515625 0.39583203125 0.50625 0.4 0.49375 0.43541796875 0.496875 0.45416796875 0.509375 0.47708203125 0.521875 0.475 0.5296875 0.48125 0.53125 0.475 0.54375 0.47083203125
4 0.740625 0.47291796875 0.7234375 0.44375 0.7015625 0.43958203125 0.6953125 0.43958203125 0.6875 0.44375 0.6734375 0.46875 0.671875 0.50625 0.6875 0.52708203125 0.721875 0.52916796875 0.7328125 0.52083203125 0.7390625 0.50416796875 0.740625 0.47291796875
4 0.74375 0.48541796875 0.740625 0.47083203125 0.7328125 0.4625 0.73125 0.45 0.7109375 0.4375 0.70234375 0.4375 0.6875 0.44166796875 0.6703125 0.47708203125 0.66875 0.50625 0.68125 0.53333203125 0.7234375 0.53125 0.734375 0.52083203125 0.7390625 0.50625 0.74375 0.48541796875
4 0.6203125 0.38333203125 0.6078125 0.38333203125 0.584375 0.4 0.5796875 0.42708203125 0.5828125 0.4625 0.6046875 0.47708203125 0.6375 0.46458203125 0.6484375 0.44583203125 0.646875 0.40416796875 0.6203125 0.38333203125
4 0.6328125 0.3875 0.636953125 0.37829296875 0.6046875 0.37291796875 0.603125 0.37083203125 0.6046875 0.37916796875 0.5796875 0.40416796875 0.5796875 0.46041796875 0.603125 0.48958203125 0.6375 0.48333203125 0.6546875 0.43541796875 0.65 0.40625 0.6390625 0.39166796875 0.6421875 0.3875 0.6328125 0.3875
4 0.5453125 0.29791796875 0.5328125 0.28541796875 0.52421875 0.28541796875 0.5015625 0.29375 0.4953125 0.31875 0.4984375 0.34791796875 0.5078125 0.35833203125 0.5296875 0.35625 0.546875 0.3375 0.55 0.3125 0.5453125 0.29791796875
4 0.4546875 0.24791796875 0.4453125 0.24791796875 0.421875 0.26666796875 0.415625 0.28958203125 0.415625 0.30833203125 0.434375 0.33958203125 0.4703125 0.32916796875 0.478125 0.30833203125 0.48125 0.28125 0.4546875 0.24791796875
4 0.5015625 0.26458203125 0.5296875 0.26458203125 0.5359375 0.25833203125 0.5453125 0.24583203125 0.5484375 0.21666796875 0.559375 0.23958203125 0.565625 0.23333203125 0.5703125 0.23958203125 0.5875 0.24166796875 0.5984375 0.23958203125 0.61875 0.21458203125 0.621875 0.19583203125 0.6140625 0.17291796875 0.590625 0.15 0.578125 0.15 0.5625 0.16041796875 0.55 0.1875 0.546875 0.2125 0.5234375 0.19583203125 0.5078125 0.19791796875 0.5 0.20625 0.4921875 0.24583203125 0.5015625 0.26458203125
4 0.5234375 0.19583203125 0.5140625 0.19583203125 0.503125 0.20208203125 0.4921875 0.23333203125 0.49375 0.25416796875 0.509375 0.27083203125 0.5296875 0.26666796875 0.5453125 0.2375 0.5421875 0.2125 0.5234375 0.19583203125
4 0.5296875 0.28333203125 0.5203125 0.28333203125 0.5015625 0.29375 0.4953125 0.31875 0.496875 0.34375 0.509375 0.36041796875 0.5375 0.35208203125 0.546875 0.33333203125 0.546875 0.30416796875 0.5296875 0.28333203125
4 0.6421875 0.27916796875 0.6375 0.26666796875 0.628125 0.26041796875 0.6140625 0.26041796875 0.5984375 0.27291796875 0.5859375 0.30625 0.5890625 0.33333203125 0.60625 0.35208203125 0.6375 0.35 0.6546875 0.32291796875 0.653125 0.28333203125 0.6421875 0.27916796875
4 0.6734375 0.32708203125 0.665625 0.375 0.671875 0.3875 0.6890625 0.39791796875 0.725 0.3875 0.7328125 0.37083203125 0.7328125 0.33333203125 0.715625 0.31041796875 0.7046875 0.30833203125 0.7171875 0.30625 0.740625 0.28125 0.74375 0.26041796875 0.7390625 0.23125 0.7125 0.21666796875 0.6984375 0.21666796875 0.6890625 0.225 0.684375 0.19791796875 0.6703125 0.17916796875 0.659375 0.175 0.65625 0.175 0.6421875 0.18125 0.634375 0.19583203125 0.63125 0.23125 0.6421875 0.25 0.6609375 0.25416796875 0.696875 0.30833203125 0.6796875 0.31666796875 0.6734375 0.32708203125
5 0.3859375 0.23333203125 0.446875 0.21666796875 0.4515625 0.20416796875 0.44375 0.18958203125 0.4375 0.18958203125 0.3796875 0.21041796875 0.36875 0.2 0.3515625 0.20416796875 0.3484375 0.21666796875 0.353125 0.24583203125 0.3609375 0.25625 0.375 0.25 0.3859375 0.23333203125
5 0.3890625 0.63125 0.4 0.63333203125 0.4109375 0.65 0.434375 0.65208203125 0.4390625 0.65833203125 0.4390625 0.59791796875 0.434375 0.57708203125 0.428125 0.57291796875 0.421875 0.57291796875 0.4140625 0.575 0.4 0.59583203125 0.3375 0.60625 0.3328125 0.6125 0.3359375 0.63958203125 0.3421875 0.64375 0.3484375 0.6375 0.3890625 0.63125
5 0.23125 0.27083203125 0.1859375 0.20208203125 0.1921875 0.17708203125 0.18125 0.16041796875 0.1703125 0.16041796875 0.1375 0.18958203125 0.128125 0.21041796875 0.128125 0.225 0.1390625 0.23958203125 0.159375 0.25 0.2046875 0.30208203125 0.2265625 0.28958203125 0.23125 0.27083203125
5 0.340625 0.51458203125 0.3578125 0.51458203125 0.3703125 0.52916796875 0.390625 0.525 0.3953125 0.50416796875 0.3734375 0.44791796875 0.3625 0.43541796875 0.359375 0.43541796875 0.3453125 0.44583203125 0.3453125 0.47083203125 0.340625 0.47916796875 0.2078125 0.57916796875 0.2078125 0.60625 0.215625 0.6125 0.2515625 0.57916796875 0.340625 0.51458203125
5 0.2734375 0.45625 0.2859375 0.46041796875 0.2953125 0.45208203125 0.3 0.43958203125 0.2984375 0.42291796875 0.190625 0.34375 0.1875 0.32083203125 0.1765625 0.3125 0.1734375 0.3125 0.15625 0.32916796875 0.146875 0.35208203125 0.15 0.38125 0.1578125 0.3875 0.16875 0.38125 0.184375 0.38958203125 0.190625 0.4 0.2734375 0.45625
5 0.353125 0.34166796875 0.2875 0.21875 0.2890625 0.19166796875 0.2765625 0.175 0.2703125 0.175 0.253125 0.18541796875 0.2359375 0.20625 0.2359375 0.225 0.259375 0.25208203125 0.325 0.36666796875 0.3453125 0.36666796875 0.353125 0.35625 0.353125 0.34166796875
5 0.1265625 0.66458203125 0.184375 0.69166796875 0.209375 0.7125 0.2609375 0.73333203125 0.2671875 0.74375 0.3 0.76041796875 0.3171875 0.75208203125 0.31875 0.72916796875 0.3140625 0.72083203125 0.1125 0.60833203125 0.10625 0.6 0.10625 0.57708203125 0.0921875 0.56875 0.0828125 0.56875 0.0640625 0.58958203125 0.053125 0.61875 0.0515625 0.65208203125 0.0578125 0.66041796875 0.0671875 0.66458203125 0.0875 0.65208203125 0.121875 0.65625 0.1265625 0.66458203125