5 0.5129715078125 0.8170887734375 0.5458430078125 0.8371968984375 0.5852090078125 0.89456261328125 0.65394214453125 0.97048491015625 0.66158727734375 0.969217875 0.6652206484375 0.94944874609375 0.645027671875 0.92937172265625 0.64279863671875 0.91909149609375 0.6283373828125 0.91083852734375 0.56285407421875 0.82798864453125 0.548330890625 0.80483963671875 0.542343796875 0.78453259375 0.5298578828125 0.77808457421875 0.51284681640625 0.787292828125 0.50768441796875 0.80731536328125 0.5129715078125 0.8170887734375
5 0.59310269140625 0.95288361328125 0.579341453125 0.95516428125 0.57914968359375 0.96158505078125 0.57016729296875 0.95668472265625 0.5723335625 0.952065046875 0.55545233984375 0.939956484375 0.52131066796875 0.87746427734375 0.5132200625 0.87667680859375 0.51417376953125 0.89568571875 0.54748559375 0.96896110546875 0.54818560546875 0.97949473828125 0.5418777265625 0.986929140625 0.54409895703125 0.997173375 0.59225585546875 0.99689320703125 0.60412234375 0.9744849375 0.59310269140625 0.95288361328125
5 0.62319043359375 0.77752277734375 0.65039213671875 0.80070288671875 0.67905494921875 0.85984245703125 0.69306989453125 0.8660370625 0.69415344921875 0.86372915234375 0.70046132421875 0.85629475390625 0.69179971484375 0.82365298046875 0.67861379296875 0.8066713359375 0.68116444140625 0.78921396875 0.66982832421875 0.74423747265625 0.65797965625 0.7334231875 0.624787375 0.7410565078125 0.620070453125 0.763133546875 0.62319043359375 0.77752277734375
5 0.37331140234375 0.29717076171875 0.36241644140625 0.3053653828125 0.364199171875 0.31358725390625 0.37757686328125 0.32414812890625 0.37974313671875 0.319528453125 0.39108440625 0.3133921875 0.4032538515625 0.29646503125 0.40516642578125 0.28337008203125 0.4221774921875 0.274161828125 0.44435094921875 0.2449310390625 0.46339928125 0.25242378515625 0.47168166015625 0.24679048046875 0.46588716796875 0.2200665234375 0.431616484375 0.17889498828125 0.41938426953125 0.18092224609375 0.415812828125 0.215587421875 0.3960601796875 0.24867766015625 0.3836361953125 0.2571256875 0.38280633984375 0.267908875 0.3703823515625 0.27635690234375 0.37331140234375 0.29717076171875
5 0.30249382421875 0.6645584765625 0.31281346875 0.67562616796875 0.40060606640625 0.65681954296875 0.41793276171875 0.670982609375 0.42404887109375 0.66996898046875 0.42927403125 0.66484634375 0.42876579296875 0.64789194140625 0.4222712890625 0.61063434765625 0.4099143828125 0.5828656640625 0.39137429296875 0.5923273203125 0.37965031640625 0.61130898046875 0.367609875 0.60691546875 0.36416827734375 0.62026382421875 0.3075942890625 0.62963989453125 0.30249382421875 0.6645584765625
5 0.2661498359375 0.96447528515625 0.27794172265625 0.90928076171875 0.28859328125 0.79038533984375 0.28541053125 0.76109620703125 0.2757281328125 0.74566224609375 0.26700028515625 0.74924105078125 0.25986255078125 0.76745863671875 0.26266175390625 0.80958930859375 0.25788290234375 0.8167703046875 0.2571777421875 0.8573494296875 0.2517616484375 0.8688966953125 0.2475478125 0.9590408984375 0.2303449765625 0.974669921875 0.2256280546875 0.9967469609375 0.2266664921875 0.99902014453125 0.2789038359375 0.998716234375 0.27449498046875 0.9737418828125 0.2661498359375 0.96447528515625
5 0.15922707421875 0.53709883203125 0.16859300390625 0.5291576171875 0.1836915 0.53304431640625 0.30294528125 0.61550407421875 0.30753236328125 0.6147438515625 0.314032015625 0.6008886796875 0.31040379296875 0.569545046875 0.29880882421875 0.56720603515625 0.2308367890625 0.51670955859375 0.21968812890625 0.51642891015625 0.1768186015625 0.4575155078125 0.15585769921875 0.4631177109375 0.14852903125 0.487759921875 0.147823875 0.5283390546875 0.15922707421875 0.53709883203125
5 0.5088143125 0.34499258984375 0.49811112109375 0.34676644140625 0.5030138359375 0.3693775390625 0.5133334765625 0.38044523046875 0.5240366640625 0.37867137890625 0.63082512890625 0.2502320703125 0.6395538125 0.24665712109375 0.65446053515625 0.25696458984375 0.66427194140625 0.25107787890625 0.66618451171875 0.2379829296875 0.6465040859375 0.18374369140625 0.61930322265625 0.16056743359375 0.60968275390625 0.16002951953125 0.60337487109375 0.16746391796875 0.5994878046875 0.1787577734375 0.6063658515625 0.20317382421875 0.5941955625 0.220097125 0.59489557421875 0.2306307578125 0.58463786328125 0.23445911328125 0.58317159765625 0.249612421875 0.56985583203125 0.25394758984375 0.56488520703125 0.2675493515625 0.55246122265625 0.2759973828125 0.5333458125 0.30472135546875 0.5230881015625 0.30854970703125 0.5200928125 0.32395642578125 0.508751546875 0.33009269140625 0.5088143125 0.34499258984375
5 0.44395808984375 0.98825116015625 0.43306827734375 0.94533301953125 0.4203897578125 0.945301921875 0.4196905859375 0.934772140625 0.42861020703125 0.9247725703125 0.4105886484375 0.848963109375 0.3965109453125 0.82786859765625 0.4184926328125 0.80505858203125 0.43836998046875 0.80176428515625 0.45404379296875 0.786388671875 0.4418794921875 0.7522030703125 0.42518920703125 0.73366987890625 0.41161973828125 0.7295297734375 0.40008753125 0.74209066015625 0.39454158984375 0.77495473828125 0.3853674296875 0.77647518359375 0.35994414453125 0.8126335546875 0.34815740625 0.8167153203125 0.3277047421875 0.83927192578125 0.32145962890625 0.8616062265625 0.325471390625 0.88010831640625 0.33687375390625 0.88886424609375 0.34451888671875 0.8875972109375 0.380645359375 0.849664984375 0.3830042421875 0.83862839453125 0.39784819921875 0.8340359609375 0.38829049609375 0.84839794921875 0.39586340234375 0.93446039453125 0.3904473046875 0.94600765234375 0.392483734375 0.962704796875 0.38490136328125 0.97887173046875 0.389065234375 0.9980753359375 0.44152049609375 0.99777016015625 0.442682765625 0.99697984375 0.44395808984375 0.98825116015625
5 0.661561390625 0.5965324921875 0.7345453828125 0.85277429296875 0.74422778125 0.86820825390625 0.75429288671875 0.87079681640625 0.76499607421875 0.86902296484375 0.771303953125 0.86158856640625 0.76990476953125 0.84052515625 0.69781255859375 0.5883962109375 0.70775380859375 0.56119268359375 0.70660832421875 0.548604546875 0.6894725625 0.52801685546875 0.65583398046875 0.5335918125 0.6346813046875 0.5456147890625 0.63346874609375 0.56924337109375 0.661561390625 0.5965324921875
5 0.86362087109375 0.8271218125 0.86304555078125 0.846384125 0.874702453125 0.86361918359375 0.898021234375 0.86401519140625 0.906174765625 0.8626638984375 0.9179615078125 0.85858213671875 0.9331890078125 0.84114816015625 0.9247200078125 0.80208948046875 0.900385421875 0.78482717578125 0.8950983359375 0.77505376953125 0.89051125390625 0.77581398828125 0.89057318359375 0.79071003515625 0.88464884765625 0.785302890625 0.87598807421875 0.7526649765625 0.86611390625 0.74365178515625 0.85076685546875 0.6801770546875 0.78127609375 0.5277084609375 0.77688078515625 0.52204791015625 0.749550078125 0.52018847265625 0.74324219921875 0.52762287109375 0.75387830859375 0.56206573828125 0.8491656015625 0.76775994140625 0.86362087109375 0.8271218125
5 0.085366890625 0.75165507421875 0.0898249609375 0.77221552734375 0.09619476953125 0.779677171875 0.14690634765625 0.77979000390625 0.14843537890625 0.77953659765625 0.1599684140625 0.7669795625 0.15372761328125 0.73819724609375 0.1471032734375 0.72225646875 0.13442558203125 0.7222292265625 0.115258546875 0.63383162890625 0.13074058203125 0.62487678515625 0.10349240234375 0.43346233984375 0.09508532421875 0.4092996953125 0.0758452265625 0.40822772265625 0.06820008984375 0.4094947578125 0.06373770703125 0.4400509296875 0.10276149609375 0.72960528125 0.087725765625 0.740618484375 0.085366890625 0.75165507421875
5 0.46444679296875 0.60790521484375 0.4699875859375 0.6261538984375 0.48845976171875 0.6529051015625 0.51368612890625 0.67428026171875 0.52591834375 0.67225300390625 0.53197251953125 0.656343328125 0.52139917578125 0.6368003671875 0.52681526953125 0.6252531015625 0.70452457421875 0.36366921875 0.69408023828125 0.322805578125 0.6828688125 0.30762502734375 0.6329140234375 0.3840546328125 0.62838887109375 0.39971090234375 0.53599973046875 0.52150713671875 0.53650796875 0.53846153515625 0.52561301171875 0.54665616015625 0.5245913828125 0.5638601171875 0.511276453125 0.56819913671875 0.49413554296875 0.598724203125 0.48559862890625 0.5958783828125 0.48381590234375 0.587656515625 0.46852563671875 0.59019058984375 0.47075466796875 0.6004708125 0.46444679296875 0.60790521484375
5 0.3617629140625 0.4630660859375 0.3686409609375 0.4874821328125 0.3634785625 0.50750466796875 0.376219015625 0.52243181640625 0.38539317578125 0.52091137109375 0.42496124609375 0.4696307890625 0.41916675390625 0.44290683203125 0.3916442734375 0.44746816015625 0.35648180859375 0.402183765625 0.3348888125 0.3610394765625 0.3129122734375 0.33273673046875 0.301954546875 0.326031453125 0.2730999609375 0.27331265625 0.2562187421875 0.26120409375 0.25067794921875 0.24295541015625 0.2095911484375 0.19226387109375 0.20162955078125 0.170155734375 0.18672282421875 0.15984826171875 0.18997265234375 0.15292067578125 0.16519259375 0.133603875 0.16385533984375 0.1274365078125 0.14327798828125 0.120197171875 0.1352493046875 0.13430575 0.13906930078125 0.15922861328125 0.34596524609375 0.448649609375 0.3617629140625 0.4630660859375