4 0.48497552734375 0.80213673046875 0.49049685546875 0.81960015625 0.50177831640625 0.82932766796875 0.51599889453125 0.82889224609375 0.536098734375 0.8081231796875 0.54066656640625 0.76241655859375 0.53160971484375 0.73613266015625 0.52668426953125 0.73765653125 0.5323247421875 0.74252222265625 0.52994138671875 0.7485489765625 0.51063610546875 0.7399825234375 0.489543359375 0.756430109375 0.48497552734375 0.80213673046875
4 0.53875917578125 0.47212460546875 0.53530338671875 0.50955497265625 0.55492667578125 0.53917681640625 0.591670046875 0.5350729375 0.60402394921875 0.51339683203125 0.610300234375 0.478397375 0.58630726171875 0.44616321484375 0.552662265625 0.45062991015625 0.53875917578125 0.47212460546875
4 0.41411294140625 0.8727918828125 0.405930578125 0.94539923828125 0.42545104296875 0.95883456640625 0.4591727578125 0.95537790625 0.4721085234375 0.94474209765625 0.47786793359375 0.8550341328125 0.44923699609375 0.85055433203125 0.43405404296875 0.84149318359375 0.42126299609375 0.854711625 0.41411294140625 0.8727918828125
5 0.12043975390625 0.80989688671875 0.1252460625 0.82097074609375 0.21505956640625 0.89034094921875 0.22828723828125 0.88558405078125 0.22896265625 0.86884625390625 0.16647825390625 0.80688144921875 0.15404514453125 0.78230283203125 0.14192951953125 0.7787834765625 0.1254843359375 0.7957752890625 0.12043975390625 0.80989688671875
5 0.325566703125 0.3021258046875 0.37978829296875 0.3084750703125 0.4342087421875 0.34847744140625 0.4481514375 0.35011011328125 0.4493826171875 0.32923612890625 0.37510112109375 0.284803484375 0.3671964375 0.2733668125 0.3743063671875 0.2321630703125 0.3676729921875 0.22297590234375 0.35134694140625 0.22736998828125 0.3238587734375 0.29141476171875 0.325566703125 0.3021258046875
5 0.314444703125 0.38489998046875 0.35206236328125 0.39771141796875 0.4731771171875 0.4917690390625 0.48429931640625 0.490970796875 0.48342555078125 0.47405159765625 0.36513076953125 0.382428765625 0.3515856171875 0.36612639453125 0.3399861484375 0.33534349609375 0.33224020703125 0.3344364609375 0.32310433984375 0.343873765625 0.31146546484375 0.3719394375 0.314444703125 0.38489998046875
5 0.4056093203125 0.748702203125 0.39794310546875 0.7940460078125 0.41049535546875 0.80602690234375 0.421339671875 0.80729675390625 0.4268213984375 0.80163281640625 0.449224859375 0.72858615625 0.47059548828125 0.71007047265625 0.47083376953125 0.684875015625 0.46010858984375 0.6710074375 0.4281319140625 0.66305781640625 0.411686734375 0.68004962890625 0.41001841015625 0.69246594921875 0.41836023828125 0.71236027734375 0.4056093203125 0.748702203125
5 0.106535875 0.50348785546875 0.161750890625 0.5141547109375 0.18010287109375 0.5415270546875 0.19277425390625 0.54091022265625 0.209338578125 0.51132068359375 0.2137872734375 0.47821178515625 0.2079880625 0.46281645703125 0.1850281171875 0.45802725390625 0.17533597265625 0.47160462890625 0.115751796875 0.458321578125 0.10041865625 0.46703713671875 0.09497653515625 0.4958284375 0.106535875 0.50348785546875
5 0.4795320234375 0.2570965078125 0.484616734375 0.266098390625 0.54511499609375 0.40140005859375 0.5528609375 0.40230709375 0.560169734375 0.39475646875 0.56422141015625 0.3763133984375 0.53597841796875 0.32886531640625 0.51123080859375 0.26711422265625 0.5107540625 0.235529203125 0.52084375 0.207282125 0.515044015625 0.19189067578125 0.5041996953125 0.1906208203125 0.46749593359375 0.2178520625 0.4538712421875 0.23727478515625 0.4581217890625 0.25248483203125 0.4795320234375 0.2570965078125
5 0.2011952265625 0.3611276015625 0.203776921875 0.38875784765625 0.21549553125 0.406943015625 0.23126529296875 0.406689 0.24532712109375 0.3957239375 0.26427479296875 0.36010764453125 0.27055108203125 0.3251081875 0.24771027734375 0.30772125390625 0.22506834375 0.32398743359375 0.21394614453125 0.3247856796875 0.1760104765625 0.2909188515625 0.15531526953125 0.29269673828125 0.15225649609375 0.31546128515625 0.2011952265625 0.3611276015625
5 0.54229509375 0.6448969453125 0.541619671875 0.66163473828125 0.5467043828125 0.67063662109375 0.56557251953125 0.67074541796875 0.57470890625 0.66130423046875 0.58249425390625 0.6033626953125 0.5595348359375 0.598569609375 0.54801509375 0.61403755078125 0.51703133203125 0.61040940234375 0.32854653125 0.56101414453125 0.31686805078125 0.565952453125 0.31702731640625 0.57647820703125 0.3252098828125 0.58584678515625 0.53383412890625 0.63760033984375 0.54229509375 0.6448969453125
5 0.28648057421875 0.7452634609375 0.3033236875 0.8775538125 0.3109504921875 0.89105857421875 0.332479859375 0.88307252734375 0.338914890625 0.85860269921875 0.33061279296875 0.69787998828125 0.32580596484375 0.68681001171875 0.2914459453125 0.684887140625 0.27218026953125 0.69944804296875 0.26840698828125 0.71581914453125 0.28648057421875 0.7452634609375
5 0.07074619921875 0.65273771484375 0.0722158515625 0.6886442109375 0.0823852734375 0.7066479765625 0.10927723046875 0.70559571875 0.1169835703125 0.68337539453125 0.127112859375 0.67825567578125 0.34487277734375 0.6385959921875 0.35075204296875 0.61826235546875 0.32806998046875 0.61140505078125 0.28512985546875 0.6147833046875 0.1864585625 0.63475825 0.13084653125 0.63875721484375 0.10971418359375 0.6320774453125 0.10192863671875 0.608043046875 0.09136219921875 0.6047051015625 0.0788495546875 0.6158515703125 0.07074619921875 0.65273771484375