5 0.2176062421875 0.7769639453125 0.224031625 0.77283128515625 0.21038183984375 0.7623288359375 0.18452652734375 0.705900890625 0.1767072734375 0.70585542578125 0.16055899609375 0.718267671875 0.1599641484375 0.7328573125 0.192874046875 0.80808548828125 0.1862788515625 0.816383265625 0.185769078125 0.82888643359375 0.19159961328125 0.839343421875 0.20888703125 0.83735697265625 0.23336433984375 0.812487015625 0.23933033203125 0.781256359375 0.22056412890625 0.78114725 0.2176062421875 0.7769639453125
5 0.44473359375 0.42394265234375 0.43455130859375 0.4051242421875 0.4442051640625 0.321807421875 0.430810265625 0.305053390625 0.4261187109375 0.305026109375 0.41326811328125 0.313287515625 0.39638969140625 0.38197313671875 0.37191238671875 0.40684309375 0.36818983984375 0.42141455078125 0.38272387890625 0.44859438671875 0.4074056875 0.45707401171875 0.4293845 0.45511875 0.44422381640625 0.436445828125 0.44473359375 0.42394265234375
5 0.2942826640625 0.5460462109375 0.30045316015625 0.54816514453125 0.31207986328125 0.53155658984375 0.30206739453125 0.5085730625 0.3004186328125 0.51064652734375 0.27028061328125 0.5208943828125 0.24935587109375 0.53536191015625 0.24259069921875 0.5478287109375 0.252772984375 0.566647125 0.28100719921875 0.56472823046875 0.28104171875 0.60224684375 0.3324470703125 0.76095550390625 0.34001143359375 0.76725255859375 0.3560748046875 0.7569228671875 0.35823333984375 0.7423462265625 0.31396764453125 0.60035132421875 0.307542265625 0.60448398046875 0.30310560546875 0.59820511328125 0.2861236171875 0.55433489453125 0.2942826640625 0.5460462109375
5 0.17105716015625 0.2305893359375 0.1413440078125 0.230416578125 0.13750203125 0.20955198046875 0.1065648203125 0.20103598046875 0.1049160625 0.2031094453125 0.08762880078125 0.205091984375 0.0821725859375 0.22381946875 0.1012281953125 0.255195609375 0.10296465625 0.4427977734375 0.10723134375 0.45324566015625 0.1134867421875 0.45328203515625 0.12824115234375 0.43669166796875 0.1236345078125 0.434581828125 0.12453462890625 0.3741394296875 0.1240752421875 0.34704142578125 0.1200634453125 0.33034194921875 0.1221874609375 0.2782466953125 0.13372909375 0.263724609375 0.14581519140625 0.2742140546875 0.13296722265625 0.47423755859375 0.1387977578125 0.48469454296875 0.15139346875 0.48268472265625 0.14903043359375 0.46391177734375 0.163901640625 0.29099537109375 0.16952783203125 0.268098859375 0.18377230859375 0.26401557421875 0.18479185546875 0.2390092265625 0.17105716015625 0.2305893359375
5 0.34682173828125 0.33166038671875 0.36517894140625 0.2650703203125 0.36514441796875 0.22755170703125 0.353058484375 0.2170583515625 0.35149462890625 0.21704926171875 0.33864403125 0.22531066796875 0.30962912890625 0.323108015625 0.296608546875 0.3355384453125 0.29043805859375 0.333419515625 0.28929907421875 0.32298980859375 0.29417646875 0.2417282734375 0.27896283203125 0.23121673046875 0.26611207421875 0.239482046875 0.25387481640625 0.34779612109375 0.2441519140625 0.35607570703125 0.23886551953125 0.37063807421875 0.23827083203125 0.3852238046875 0.2441864375 0.3935943203125 0.279985015625 0.397972484375 0.30073993359375 0.3876700703125 0.31071772265625 0.37313889453125 0.33539953125 0.3816185234375 0.343473671875 0.37541240234375 0.34682173828125 0.33166038671875
5 0.93903250390625 0.6540101796875 0.9410210625 0.64360256640625 0.93510562109375 0.635228140625 0.902944359375 0.61836890234375 0.8904335546875 0.61829616015625 0.88332858203125 0.639097109375 0.896213703125 0.66835431640625 0.8815443671875 0.68285821484375 0.84394554296875 0.79936486328125 0.83735034765625 0.807662640625 0.83291368359375 0.8013837734375 0.8385557421875 0.7013674765625 0.842448109375 0.6826308984375 0.8539048359375 0.670191375 0.8546695 0.65143661328125 0.811136578125 0.64493043359375 0.7968070390625 0.6511001875 0.81071171484375 0.65535105078125 0.81560776171875 0.68872791015625 0.80437403125 0.84915933203125 0.81011965625 0.86169887890625 0.82749198828125 0.85762987109375 0.83814953125 0.8264264921875 0.86473498828125 0.82658106640625 0.8706160703125 0.79743297265625 0.88744394140625 0.7683524296875 0.8906221875 0.72876553515625 0.9060561953125 0.695506875 0.90656596875 0.68300369921875 0.91497990625 0.6684634296875 0.920980421875 0.67475138671875 0.93903250390625 0.6540101796875
5 0.83004868359375 0.142711828125 0.8320373984375 0.13230030859375 0.82202509375 0.10931287109375 0.80568957421875 0.10713483984375 0.795524546875 0.107075734375 0.7702480546875 0.11318183984375 0.7620039375 0.12355698828125 0.76149416015625 0.1360601640625 0.77011259765625 0.15486948046875 0.78270846875 0.1528557578125 0.7883690234375 0.167481765625 0.7836270859375 0.2070556640625 0.78945762109375 0.2175126484375 0.7870441953125 0.23834087890625 0.7939288046875 0.261310125 0.7906843046875 0.417617984375 0.79401650390625 0.4509857578125 0.791467625 0.51350162890625 0.78609631640625 0.53014655078125 0.8077353359375 0.53652543359375 0.81893717578125 0.5303374921875 0.8212656875 0.511591828125 0.812915375 0.21764903515625 0.817113171875 0.153055796875 0.83004868359375 0.142711828125
5 0.732155484375 0.16506796484375 0.74585565625 0.13596923828125 0.738971046875 0.11299998828125 0.72654515234375 0.1108446875 0.7171620546875 0.11079012890625 0.678864984375 0.12932666796875 0.673323859375 0.15013670703125 0.68506999609375 0.1689642109375 0.70426106640625 0.15865270703125 0.7103464921875 0.16285810546875 0.70953143359375 0.22121404296875 0.7437025390625 0.5340661640625 0.75760721875 0.53831702734375 0.77037291015625 0.5321381796875 0.77096759375 0.51755244921875 0.74007830078125 0.27766926953125 0.732155484375 0.16506796484375
5 0.60496323046875 0.6374786171875 0.64981834765625 0.38136359375 0.649274046875 0.3563481484375 0.63866689453125 0.34795035546875 0.62615608984375 0.34787761328125 0.618081953125 0.35408373828125 0.61245591796875 0.37697633984375 0.56890976171875 0.639352046875 0.56552717578125 0.6455854453125 0.54815484375 0.649654453125 0.5427835390625 0.666299375 0.55452967578125 0.685126875 0.58850967578125 0.695743625 0.610403578125 0.69587091796875 0.61881751953125 0.6813306484375 0.6192423828125 0.67091003515625 0.60445345703125 0.6499817890625 0.60496323046875 0.6374786171875
5 0.59906086328125 0.36022621484375 0.5994857265625 0.34980559765625 0.59209134375 0.33933951953125 0.545685609375 0.32656356640625 0.5394302109375 0.3265271953125 0.52822837109375 0.3327151328125 0.521123234375 0.35351998828125 0.46812230078125 0.34904181640625 0.45501681640625 0.36355480859375 0.45573093359375 0.384405125 0.4677319609375 0.3969810390625 0.46535305859375 0.4553278828125 0.44130324609375 0.66153932421875 0.4428167109375 0.70114959375 0.46931709765625 0.7033906328125 0.492315625 0.6764251171875 0.5096028828125 0.67444257421875 0.518101890625 0.6578158359375 0.5615975 0.43504521875 0.57208522265625 0.40800695703125 0.570946078125 0.39758116015625 0.59368971484375 0.3768672265625 0.59906086328125 0.36022621484375
5 0.68635248828125 0.71298866015625 0.69206358984375 0.68800958984375 0.67710484375 0.67124646484375 0.652882421875 0.6898648359375 0.63630928125 0.7126976953125 0.63588441015625 0.72311830859375 0.6515229140625 0.723209234375 0.66284434765625 0.75245344921875 0.69956154296875 0.81103151171875 0.71972177734375 0.8153148359375 0.72788082421875 0.80702615234375 0.729954453125 0.79453207421875 0.68880043359375 0.72967905078125 0.68635248828125 0.71298866015625