5 0.7412109375 0.14323046875 0.7255859375 0.14583203125 0.71484375 0.15755078125 0.716796875 0.18098828125 0.7109375 0.18880078125 0.5341796875 0.33073046875 0.52734375 0.34505078125 0.53515625 0.36328125 0.5458984375 0.36979296875 0.716796875 0.23828125 0.7666015625 0.2265625 0.771484375 0.21223828125 0.759765625 0.16536328125 0.7412109375 0.14323046875
5 0.634765625 0.48567578125 0.6259765625 0.47135546875 0.6025390625 0.4765625 0.5595703125 0.40625 0.5390625 0.42057421875 0.541015625 0.44661328125 0.57421875 0.50130078125 0.56640625 0.52994921875 0.5751953125 0.54426953125 0.5869140625 0.54426953125 0.6123046875 0.52604296875 0.6328125 0.50130078125 0.634765625 0.48567578125
4 0.673828125 0.53255078125 0.6669921875 0.51041796875 0.6376953125 0.5 0.6240234375 0.47135546875 0.6064453125 0.47395703125 0.59765625 0.48828125 0.611328125 0.49869921875 0.6123046875 0.51041796875 0.591796875 0.52734375 0.6123046875 0.53125 0.6240234375 0.5625 0.6552734375 0.57291796875 0.669921875 0.55859375 0.673828125 0.53255078125
5 0.47265625 0.22526171875 0.46484375 0.20963671875 0.4560546875 0.20051953125 0.4462890625 0.203125 0.251953125 0.47265625 0.2294921875 0.46614453125 0.220703125 0.47526171875 0.224609375 0.49869921875 0.2529296875 0.53645703125 0.2724609375 0.546875 0.283203125 0.53255078125 0.275390625 0.50911328125 0.2802734375 0.49739453125 0.46875 0.23828125 0.47265625 0.22526171875
5 0.4091796875 0.00260546875 0.3310546875 0.125 0.3115234375 0.125 0.298828125 0.14192578125 0.302734375 0.16276171875 0.3310546875 0.19791796875 0.3505859375 0.203125 0.36328125 0.18619921875 0.359375 0.15234375 0.453125 0.00130078125 0.4091796875 0.00260546875
5 0.4697265625 0.65625 0.4765625 0.63932421875 0.4697265625 0.6171875 0.4541015625 0.61979296875 0.416015625 0.67057421875 0.4140625 0.68880078125 0.4228515625 0.70051953125 0.4453125 0.68880078125 0.6044921875 0.90104296875 0.6162109375 0.91145703125 0.630859375 0.89713671875 0.6328125 0.87109375 0.4697265625 0.65625
5 0.7373046875 0.85416796875 0.767578125 0.80598828125 0.767578125 0.79557421875 0.7470703125 0.77083203125 0.712890625 0.75390625 0.6044921875 0.64583203125 0.587890625 0.66276171875 0.5859375 0.67578125 0.5927734375 0.68489453125 0.6455078125 0.74479296875 0.671875 0.75651171875 0.7177734375 0.8125 0.712890625 0.83984375 0.7236328125 0.85416796875 0.7373046875 0.85416796875
5 0.7578125 0.41796875 0.7431640625 0.4140625 0.732421875 0.42317578125 0.759765625 0.54036328125 0.748046875 0.55598828125 0.751953125 0.57421875 0.7724609375 0.58073046875 0.7998046875 0.56770703125 0.8046875 0.55338671875 0.783203125 0.52213671875 0.7578125 0.41796875
4 0.53125 0.25390625 0.529296875 0.27994921875 0.5517578125 0.3046875 0.5615234375 0.3046875 0.58203125 0.28255078125 0.583984375 0.25390625 0.5654296875 0.23176953125 0.5400390625 0.23698046875 0.53125 0.25390625
4 0.591796875 0.39453125 0.583984375 0.42317578125 0.5966796875 0.45051953125 0.6220703125 0.45051953125 0.63671875 0.43619921875 0.642578125 0.41015625 0.6298828125 0.38541796875 0.6005859375 0.3828125 0.591796875 0.39453125
4 0.607421875 0.75390625 0.60546875 0.79296875 0.6220703125 0.8125 0.6318359375 0.81510546875 0.65625 0.79817578125 0.658203125 0.76432421875 0.6435546875 0.74479296875 0.6298828125 0.73698046875 0.607421875 0.75390625