5 0.59249209375 0.7199584921875 0.5989592421875 0.71279569921875 0.594727625 0.70329380859375 0.5825014765625 0.70061616796875 0.5812094453125 0.6853257109375 0.5672187890625 0.6972691171875 0.55687409375 0.68642840625 0.56075484765625 0.67655639453125 0.55170451953125 0.6531344453125 0.55076655859375 0.6293423828125 0.5440663828125 0.62358541015625 0.54230420703125 0.61033476953125 0.53148937109375 0.6015338671875 0.527965015625 0.57503258203125 0.49153066796875 0.46842503125 0.49705664453125 0.4653456953125 0.49023863671875 0.453134578125 0.503291328125 0.41739911328125 0.500238 0.38885419140625 0.4793123828125 0.3821285078125 0.4641466484375 0.38523942578125 0.473903359375 0.3916658125 0.44709945703125 0.396513421875 0.45321253125 0.3978522421875 0.453329484375 0.4043102109375 0.44122029296875 0.4080905390625 0.44086621484375 0.41659214453125 0.42699251953125 0.43499351953125 0.4279304765625 0.45878558203125 0.44932623828125 0.463471453125 0.45461598046875 0.475347859375 0.52348376171875 0.71985251953125 0.539824578125 0.7255740859375 0.55828308203125 0.70817682421875 0.5586362734375 0.69967904296875 0.5662776171875 0.70135256640625 0.563101796875 0.722096875 0.5995329375 0.85657994140625 0.5934175390625 0.8831128046875 0.6003516171875 0.90178572265625 0.6110495 0.90412865234375 0.64820130078125 0.8822462421875 0.65243524609375 0.86387645703125 0.6469124765625 0.83908027734375 0.6226964140625 0.81876925 0.62669412109375 0.8153552109375 0.6214043828125 0.80347880078125 0.62481498828125 0.7956466015625 0.618230890625 0.79635141796875 0.61294203125 0.7844711796875 0.6174098828125 0.779017328125 0.605536921875 0.76784191015625 0.60165937890625 0.74983840625 0.60718535546875 0.74675906640625 0.59249209375 0.7199584921875
4 0.45529876953125 0.709208953125 0.43437082421875 0.7303549609375 0.4263739609375 0.76505090234375 0.44470998046875 0.796942875 0.45387958984375 0.7989511015625 0.47903915234375 0.7873069921875 0.49032733984375 0.7661925703125 0.49550157421875 0.74374315234375 0.4832786328125 0.71319000390625 0.45529876953125 0.709208953125
4 0.3981601875 0.74815391796875 0.405684578125 0.74336947265625 0.42144062109375 0.7168011953125 0.42591080078125 0.68347565625 0.418740484375 0.6797584921875 0.4169783046875 0.6665078515625 0.38441363671875 0.6615226875 0.37159805859375 0.682298578125 0.36348336328125 0.71054037890625 0.379937921875 0.75059542578125 0.3814661875 0.75093012890625 0.38440576953125 0.7451415703125 0.3981601875 0.74815391796875
4 0.40675289453125 0.634253421875 0.411337703125 0.63525753125 0.43155926953125 0.63110708984375 0.447785453125 0.602499 0.449316046875 0.57496201953125 0.44285211328125 0.55424929296875 0.4376802109375 0.5488270234375 0.4316840859375 0.553946171875 0.43356554296875 0.54578309765625 0.4228676640625 0.5434401640625 0.420986203125 0.55160323828125 0.41181659375 0.5495950078125 0.40182276171875 0.55812819921875 0.3863006328125 0.5976124140625 0.39182428125 0.62240476171875 0.40675289453125 0.634253421875
5 0.69946625390625 0.79913119921875 0.68829734375 0.79883190625 0.67371959375 0.80635715625 0.66983883984375 0.8162291640625 0.68582325 0.85832402734375 0.691936328125 0.85966284765625 0.68746847265625 0.86511669921875 0.6981640234375 0.89533131640625 0.68899120703125 0.92119860546875 0.69792458203125 0.938162578125 0.6994528515625 0.93849728515625 0.7161468515625 0.9357210703125 0.74165960546875 0.9155791796875 0.75259372265625 0.9029663671875 0.7578857890625 0.88697108984375 0.74789516796875 0.86762876953125 0.73825453515625 0.8676641796875 0.7353149453125 0.87345273828125 0.7335527734375 0.86020209765625 0.7099246875 0.8443053984375 0.70827946484375 0.8375127265625 0.71380544140625 0.83443338671875 0.7105149921875 0.82084804296875 0.70075740234375 0.814425484375 0.69946625390625 0.79913119921875
4 0.37031621875 0.5555175546875 0.3539786171875 0.5219204765625 0.32341323828125 0.515226375 0.3158888515625 0.5200108203125 0.30318934765625 0.5472485078125 0.28931331640625 0.59352156640625 0.2968345 0.6166126328125 0.30717919140625 0.6274533515625 0.3163488046875 0.62946158203125 0.34668026953125 0.6232397421875 0.359025703125 0.6045036640625 0.37031621875 0.5555175546875
4 0.28309580859375 0.4463625234375 0.27369229296875 0.43143835546875 0.261466140625 0.42876071875 0.254882921875 0.4294617109375 0.233484828125 0.45264752734375 0.21267062890625 0.50812701171875 0.2208967421875 0.54209037890625 0.24546599609375 0.553903625 0.2500508046875 0.5549077421875 0.27814994921875 0.53747507421875 0.2941422265625 0.495951046875 0.28309580859375 0.4463625234375
5 0.5587744921875 0.483152046875 0.57217805078125 0.466790484375 0.63918796484375 0.46860156640625 0.64906484375 0.45361040625 0.6483631171875 0.41486259375 0.639076546875 0.40639639453125 0.576887671875 0.39063368359375 0.560312953125 0.37199618359375 0.54655620703125 0.3968555234375 0.53714715234375 0.4376785546875 0.53737873046875 0.47846617578125 0.5425506328125 0.48388844921875 0.54713544140625 0.4848925625 0.5587744921875 0.483152046875
4 0.30469723046875 0.77056435546875 0.27412865234375 0.791745765625 0.268483390625 0.8162388203125 0.2741239921875 0.84748913671875 0.29728193359375 0.8654256484375 0.29881019921875 0.86576035546875 0.31597434765625 0.860944328125 0.34654526171875 0.8118912265625 0.35853429296875 0.82952844140625 0.37840178515625 0.83387960546875 0.3874544453125 0.8294298671875 0.40274034375 0.80490140234375 0.40732747265625 0.778033828125 0.397570765625 0.7716074453125 0.39686583203125 0.7607351484375 0.3647721875 0.75370634765625 0.3418435 0.80442914453125 0.340787703125 0.7741829375 0.33479158203125 0.7793020859375 0.30469723046875 0.77056435546875
5 0.66010018359375 0.614693328125 0.645521546875 0.62222240234375 0.63623265234375 0.641627890625 0.6385819296875 0.6592966875 0.71839811328125 0.7518186171875 0.72368696875 0.76369885546875 0.72145144140625 0.78036354296875 0.72873959375 0.79053484765625 0.73485266796875 0.79187366796875 0.7474320078125 0.78605352734375 0.76871402734375 0.75640591015625 0.772831015625 0.73157815234375 0.76683722265625 0.7088256171875 0.7541409296875 0.7081877890625 0.7323943046875 0.684128015625 0.7160534921875 0.678406453125 0.71476145703125 0.66311599609375 0.68972205859375 0.6533425625 0.68701871484375 0.64417537109375 0.675733734375 0.63741428125 0.6827879765625 0.63466965234375 0.6638607734375 0.62623886328125 0.66010018359375 0.614693328125
5 0.8600875390625 0.45051427734375 0.85785521875 0.4393034453125 0.83269886328125 0.42307204296875 0.8397522265625 0.42033123828125 0.809540921875 0.40513553125 0.8047222109375 0.39121548046875 0.7873232734375 0.38311940234375 0.78920561328125 0.37495249609375 0.75852328125 0.3618004296875 0.756761109375 0.3485497890625 0.74042029296875 0.34282821875 0.73924521484375 0.333995734375 0.72078903515625 0.32352130859375 0.7144420546875 0.3092665546875 0.70574346875 0.30521468359375 0.69986430078125 0.3167918046875 0.69527949609375 0.3157876875 0.6851663828125 0.34573459375 0.6905721953125 0.36407280078125 0.84832687890625 0.5015401953125 0.8629023046875 0.5218866328125 0.85925633984375 0.54467075390625 0.86807187890625 0.55518058984375 0.88029803125 0.5578582265625 0.9013429296875 0.54317019140625 0.9035807890625 0.49863382421875 0.909343 0.48059873828125 0.91839566015625 0.47614899609375 0.90663499609375 0.527174921875 0.9102786328125 0.532262484375 0.91568765625 0.5227251796875 0.928270203125 0.4890295234375 0.9239216328125 0.47306966015625 0.90805184765625 0.465304453125 0.90887518359375 0.4547668671875 0.902762109375 0.453428046875 0.8883013125 0.4674112578125 0.8600875390625 0.45051427734375
5 0.709254421875 0.47108205078125 0.69585086328125 0.48744361328125 0.69114910546875 0.47998153125 0.696675078125 0.47690219140625 0.6935015859375 0.46977481640625 0.6844489296875 0.47422455078125 0.68609415234375 0.4810172265625 0.6758664140625 0.47663448046875 0.61590753515625 0.49995428515625 0.61293472265625 0.499705234375 0.61508419921875 0.51049187890625 0.609088078125 0.5156110234375 0.60344515234375 0.51223239453125 0.6015636875 0.52039546875 0.592394078125 0.51838723828125 0.5906318984375 0.50513659765625 0.57793472265625 0.50450259765625 0.57676052734375 0.49566628515625 0.57323296484375 0.497040515625 0.5565343046875 0.5555601015625 0.56734360546875 0.620108203125 0.57568900390625 0.6326578515625 0.5787455390625 0.63332726171875 0.5948524453125 0.626132890625 0.6074349921875 0.592437234375 0.7639156953125 0.51950472265625 0.768149640625 0.5011349296875 0.7640381875 0.4702154921875 0.74722723046875 0.46653373828125 0.7392326953125 0.4733579921875 0.7300630859375 0.47134976171875 0.73088641796875 0.46081216796875 0.71266414453125 0.4632536796875 0.70913746875 0.46462408203125 0.72959205859375 0.47339340625 0.7130150078125 0.4826275859375 0.70678498046875 0.474830796875 0.7118408125 0.4737912734375 0.709254421875 0.47108205078125
4 0.3014169765625 0.6454884375 0.2948337578125 0.64618942578125 0.27837366796875 0.661881578125 0.27120246875 0.6581682421875 0.25673845703125 0.70002697265625 0.2570893203125 0.71940087890625 0.26755096484375 0.7366995625 0.24427286328125 0.74018059765625 0.24215749609375 0.735427734375 0.2496818828125 0.7306432890625 0.23792587890625 0.72592583984375 0.23157889453125 0.71167108203125 0.2328732578125 0.6990898515625 0.23569588671875 0.68684332421875 0.248629296875 0.67252157421875 0.26426838671875 0.63949533203125 0.26674015234375 0.6078748984375 0.24569758203125 0.59469125 0.24511048046875 0.59027309375 0.25169369921875 0.5895721015625 0.24652179296875 0.58414983203125 0.2194831015625 0.57608533203125 0.21501525 0.58153918359375 0.22018715234375 0.586961453125 0.21007725390625 0.58903284765625 0.196319625 0.61389601953125 0.18796869140625 0.6570935703125 0.16362869140625 0.71393962890625 0.161156921875 0.7455600625 0.165975640625 0.75948011328125 0.18137528125 0.7692851328125 0.19465867578125 0.77434111328125 0.20923730859375 0.7668120390625 0.20723568359375 0.79639265625 0.2254556328125 0.8218228359375 0.23768177734375 0.82450046875 0.2487328515625 0.818345625 0.264488890625 0.7917773515625 0.2675477578125 0.76457507421875 0.26026048828125 0.75439994140625 0.2626120859375 0.7441970546875 0.30528666015625 0.7471108203125 0.32750896484375 0.7133835859375 0.332450171875 0.67801440625 0.3217546171875 0.6477997890625 0.311761671875 0.6563291484375 0.30658888671875 0.65091070703125 0.29600795703125 0.6550257421875 0.294362734375 0.6482330703125 0.3014169765625 0.6454884375
5 0.44929012890625 0.853690359375 0.502428671875 0.846031125 0.51159828515625 0.84803935546875 0.51794526953125 0.862294109375 0.53216983203125 0.863266640625 0.53957726953125 0.85202423046875 0.542051359375 0.792532109375 0.5221838671875 0.78818094921875 0.51501033984375 0.81233930078125 0.49855024609375 0.82803144921875 0.45046753515625 0.83465115625 0.44118096875 0.82618496484375 0.43635904296875 0.840140421875 0.43859224609375 0.85134742578125 0.44929012890625 0.853690359375