5 0.7324802421875 0.11209901171875 0.66650312890625 0.08228933984375 0.6279338359375 0.08953671875 0.58859656640625 0.141101078125 0.57756261328125 0.2109045625 0.60126038671875 0.29773802734375 0.54506702734375 0.64007805859375 0.55817887109375 0.68865787109375 0.6077496640625 0.70388228515625 0.63784395703125 0.68448554296875 0.64858984765625 0.65596296875 0.70040197265625 0.32818684375 0.75253171875 0.26145841015625 0.7596000078125 0.1904369765625 0.75345965625 0.1503652109375 0.7324802421875 0.11209901171875
5 0.20977951171875 0.10431233984375 0.2258977734375 0.16017851171875 0.1603976875 0.52193664453125 0.169480109375 0.55654898046875 0.203731921875 0.57661503125 0.237248203125 0.5487227890625 0.2985264375 0.213673125 0.30767319921875 0.18211420703125 0.3205300234375 0.17969592578125 0.34707422265625 0.14329937109375 0.35919551953125 0.09292280078125 0.3420542578125 0.0303755078125 0.33958273828125 0.02771989453125 0.23959048046875 0.01955759765625 0.216431640625 0.0490765 0.20977951171875 0.10431233984375
5 0.12269487890625 0.01074116015625 0.10005199609375 0.035609875 0.09279244140625 0.068382734375 0.100371359375 0.0993537578125 0.0549569375 0.3208922109375 0.05953003125 0.344573140625 0.08632983984375 0.359170953125 0.10644680859375 0.3239760703125 0.14556091796875 0.12914207421875 0.17360862109375 0.0963868359375 0.1784060234375 0.0660373359375 0.17082651171875 0.03507004296875 0.15688293359375 0.0180576875 0.12269487890625 0.01074116015625
5 0.7683306171875 0.25358069921875 0.75313914453125 0.283921390625 0.7469025859375 0.32337537109375 0.75748792578125 0.36163275390625 0.7093864453125 0.639628734375 0.71642228515625 0.66088257421875 0.7397363515625 0.671226359375 0.769830640625 0.6518296171875 0.82292137109375 0.38172897265625 0.846044171875 0.3538241875 0.85522280078125 0.30891077734375 0.84211095703125 0.26033096484375 0.7979449921875 0.23722002734375 0.7683306171875 0.25358069921875
5 0.37531378515625 0.14878897265625 0.399907046875 0.2168045078125 0.3832439609375 0.3485249453125 0.419606109375 0.3946990234375 0.46713031640625 0.39656493359375 0.48622310546875 0.35469640234375 0.504517203125 0.25211632421875 0.54097615625 0.21876091796875 0.55322496484375 0.193883390625 0.55885408984375 0.13196643359375 0.55025158203125 0.0943180234375 0.5302314140625 0.049983421875 0.5119210078125 0.04178774609375 0.41793627734375 0.03411583984375 0.3873075703125 0.07291334765625 0.37531378515625 0.14878897265625
5 1 0.36745287109375 0.99011911328125 0.3630706953125 0.97480012890625 0.36791233984375 0.95612291015625 0.3939990078125 0.93351133203125 0.52389251953125 0.89123198828125 0.58091630859375 0.88355626953125 0.629474765625 0.8942697109375 0.69322746875 0.90923628515625 0.71692094140625 0.9841045625 0.74309437890625 1 0.726616875 1 0.36745287109375
5 0.8301490625 0.44122765234375 0.8238481640625 0.46793583984375 0.83094775390625 0.50193919921875 0.79922130078125 0.6894956484375 0.8195932890625 0.7052988671875 0.84770474609375 0.68529315234375 0.88099846484375 0.5141275390625 0.9026821015625 0.49532723046875 0.90651966796875 0.47104987109375 0.89791715625 0.43340146484375 0.88301375 0.42246124609375 0.85525410546875 0.413935578125 0.8301490625 0.44122765234375
5 0.24943325390625 0.51109573828125 0.24223745703125 0.556618125 0.25582921484375 0.602161875 0.3108685859375 0.62224928125 0.33850012890625 0.6052796328125 0.35656991796875 0.55672998828125 0.34537715625 0.496009625 0.36456673828125 0.3746116171875 0.3574671484375 0.34060825390625 0.3286839140625 0.32540519921875 0.31240569140625 0.33631525 0.27940003515625 0.466199953125 0.24943325390625 0.51109573828125
5 0.449379890625 0.50885846875 0.42488168359375 0.55861725390625 0.4305421171875 0.60172509375 0.470742421875 0.62361807421875 0.504738625 0.592689765625 0.5090566953125 0.56537259375 0.50045359375 0.527727921875 0.50752188671875 0.45670648828125 0.49501746875 0.43058965234375 0.4811376484375 0.42632681640625 0.460957515625 0.44876844140625 0.449379890625 0.50885846875
4 0.1800312578125 0.88438544140625 0.21319631640625 0.88502084765625 0.23446524609375 0.84613484765625 0.242491328125 0.80491629296875 0.22007275 0.775754578125 0.1754912109375 0.7684255 0.155310484375 0.790870859375 0.1501612734375 0.84975174609375 0.1646485234375 0.8764775625 0.1800312578125 0.88438544140625
4 0.19925388671875 0.670708421875 0.20443440234375 0.71685233203125 0.23027497265625 0.73751855078125 0.25394144140625 0.71932721484375 0.2915508984375 0.7181519765625 0.295325296875 0.68112135546875 0.28419628515625 0.63315051953125 0.2459788125 0.611866515625 0.22423141796875 0.61791730078125 0.20453061328125 0.63732658203125 0.19925388671875 0.670708421875
4 0.4732689296875 0.63394050390625 0.442439109375 0.605378953125 0.3616866796875 0.59012437109375 0.3306331484375 0.61558951953125 0.30511135546875 0.65867092578125 0.29647639453125 0.7132977890625 0.31540922265625 0.738205484375 0.33248673046875 0.78800325 0.36162177734375 0.77467491796875 0.3928349921875 0.78108171484375 0.4211067265625 0.7929442109375 0.437096890625 0.8233150703125 0.45248021875 0.83121921875 0.4819670859375 0.7893595 0.4995569609375 0.74384592578125 0.49677484375 0.68252912890625 0.4732689296875 0.63394050390625
4 0.327496328125 0.977407984375 0.41221441796875 0.993880515625 0.445730703125 0.9659882734375 0.4638648359375 0.93018441796875 0.4685341328125 0.8743396015625 0.42200221484375 0.77412628125 0.36948934765625 0.76436130078125 0.343296375 0.77223019921875 0.29903419921875 0.828645015625 0.29196591015625 0.899666453125 0.327496328125 0.977407984375
4 0.3275618203125 0.792853703125 0.32839296484375 0.76128998046875 0.297499390625 0.71997890625 0.2553806015625 0.71022273828125 0.22042456640625 0.74722319140625 0.2136443359375 0.77696371875 0.2432268515625 0.8528745859375 0.287808390625 0.86020366015625 0.3275618203125 0.792853703125