5 0.624 0.23809375 0.664 0.1555546875 0.66 0.0825390625 0.648 0.0444453125 0.622 0.01269921875 0.554 0.00317578125 0.518 0.02222265625 0.488 0.08571484375 0.488 0.15873046875 0.524 0.23809375 0.522 0.59682421875 0.542 0.64126953125 0.592 0.64126953125 0.618 0.61269921875 0.624 0.580953125 0.624 0.23809375
5 0.224 0.21269921875 0.236 0.20634765625 0.256 0.16190625 0.26 0.1079375 0.234 0.05079296875 0.206 0.03174609375 0.15 0.03809375 0.116 0.1079375 0.118 0.165078125 0.142 0.21587109375 0.134 0.59682421875 0.148 0.6285703125 0.184 0.63809375 0.212 0.6 0.22 0.246984375 0.224 0.21269921875
5 0.082 0.16825390625 0.082 0.1365078125 0.07 0.1079375 0.054 0.09523828125 0.02 0.0984140625 0.002 0.13016015625 0 0.165078125 0.012 0.19365234375 0.002 0.4285703125 0.01 0.45079296875 0.038 0.45714453125 0.052 0.41587109375 0.06 0.2095234375 0.082 0.16825390625
5 0.768 0.219046875 0.77 0.1714296875 0.75 0.126984375 0.704 0.1174609375 0.678 0.14285546875 0.668 0.17777734375 0.668 0.219046875 0.684 0.25396875 0.68 0.54603125 0.69 0.565078125 0.714 0.56825390625 0.74 0.53968359375 0.75 0.25396875 0.768 0.219046875
5 0.454 0.17777734375 0.462 0.14920703125 0.458 0.08571484375 0.444 0.05079296875 0.418 0.01269921875 0.348 0.00317578125 0.312 0.02222265625 0.284 0.07936328125 0.284 0.15873046875 0.318 0.219046875 0.322 0.3555546875 0.364 0.3904765625 0.41 0.37777734375 0.422 0.33016015625 0.424 0.22222265625 0.454 0.17777734375
5 1 0.4253984375 0.968 0.3555546875 0.958 0.22222265625 0.932 0.18730078125 0.908 0.18412890625 0.894 0.19365234375 0.88 0.2253984375 0.878 0.36190625 0.846 0.43174609375 0.846 0.4825390625 0.866 0.54285546875 0.884 0.56190625 0.96 0.565078125 1 0.4984140625 1 0.4253984375
5 0.844 0.3174609375 0.83 0.2825390625 0.814 0.27619140625 0.786 0.27619140625 0.766 0.311109375 0.764 0.33968359375 0.776 0.3714296875 0.774 0.56825390625 0.796 0.57777734375 0.82 0.54920703125 0.826 0.36825390625 0.844 0.34285546875 0.844 0.3174609375
5 0.296 0.3555546875 0.266 0.34920703125 0.252 0.365078125 0.24 0.50476171875 0.218 0.55873046875 0.218 0.60634765625 0.238 0.6476171875 0.294 0.65079296875 0.318 0.6253984375 0.328 0.5714296875 0.308 0.51428515625 0.308 0.38730078125 0.296 0.3555546875
5 0.458 0.4253984375 0.442 0.40317578125 0.428 0.40317578125 0.412 0.43174609375 0.41 0.49523828125 0.394 0.5523828125 0.406 0.59365234375 0.448 0.60317578125 0.476 0.56190625 0.476 0.53333203125 0.462 0.4984140625 0.458 0.4253984375
4 0.186 0.83809375 0.17 0.86666796875 0.174 0.926984375 0.192 0.94920703125 0.208 0.9523828125 0.24 0.94285546875 0.254546875 0.897546875 0.256 0.85396875 0.23 0.83174609375 0.186 0.83809375
4 0.27 0.66983984375 0.23 0.66031640625 0.21 0.673015625 0.194 0.6984140625 0.194 0.73333203125 0.206 0.77777734375 0.234 0.7904765625 0.254 0.765078125 0.29 0.7523828125 0.288 0.71428515625 0.27 0.66983984375
4 0.462 0.81587109375 0.484 0.765078125 0.494 0.71428515625 0.482 0.65396875 0.452 0.61269921875 0.418 0.59365234375 0.338 0.60317578125 0.312 0.63809375 0.294 0.688890625 0.294 0.74603125 0.316 0.765078125 0.34 0.8095234375 0.366 0.78730078125 0.397 0.78412890625 0.426 0.78730078125 0.446 0.81269921875 0.462 0.81587109375
4 0.372 0.7746015625 0.348 0.7904765625 0.314 0.86031640625 0.318 0.93333203125 0.364 1 0.448 0.9904765625 0.476 0.9523828125 0.488 0.911109375 0.484 0.85396875 0.424 0.76825390625 0.372 0.7746015625
4 0.226 0.80317578125 0.224 0.834921875 0.264 0.9015859375 0.308 0.89523828125 0.336 0.81587109375 0.332 0.78412890625 0.296 0.7523828125 0.254 0.7555546875 0.226 0.80317578125