5 0.45729253125 0.61533730859375 0.47824692578125 0.2571842578125 0.51926600390625 0.18070455859375 0.5239374609375 0.1078372421875 0.49804834765625 0.04220537890625 0.46332543359375 0.0204748125 0.39482661328125 0.02483664453125 0.3668377734375 0.05455209375 0.352420078125 0.0916610078125 0.343755125 0.1642258359375 0.378409390625 0.24962210546875 0.35647365625 0.59178505859375 0.3604328359375 0.6239203984375 0.38456269921875 0.6543988359375 0.43448146875 0.65817991796875 0.45729253125 0.61533730859375
5 0.84466216796875 0.6446784765625 0.86104808984375 0.26389417578125 0.8882587734375 0.215019296875 0.8939113125 0.15814598046875 0.8644350703125 0.08587296484375 0.8089321640625 0.07530339453125 0.7797590546875 0.09219417578125 0.7501452578125 0.1472564765625 0.75068590625 0.20141808984375 0.7678101015625 0.24728165625 0.7793842421875 0.25452777734375 0.78118422265625 0.28904577734375 0.7665857109375 0.64194932421875 0.7921030234375 0.6820831015625 0.8286538359375 0.6753013828125 0.84466216796875 0.6446784765625
5 0.9566230625 0.15016109375 0.939836578125 0.1616245703125 0.92602817578125 0.189229390625 0.9239971015625 0.22091100390625 0.943320984375 0.2637603828125 0.93810611328125 0.47029387109375 0.9494427421875 0.5125421796875 0.9778036171875 0.50832091796875 0.98700912109375 0.487214453125 0.98774497265625 0.46192480859375 0.9922584140625 0.251551359375 0.99396552734375 0.24813819140625 0.99629182421875 0.16818855078125 0.990364640625 0.1559015546875 0.9566230625 0.15016109375
5 0.3027988984375 0.5526993125 0.317491203125 0.26092756640625 0.33569947265625 0.2272865703125 0.33833984375 0.1861008671875 0.3305903515625 0.1504937109375 0.3062573046875 0.1231846015625 0.25972273828125 0.1292101015625 0.236911671875 0.17205270703125 0.2358619375 0.2197244140625 0.2515984296875 0.25593654296875 0.2433024921875 0.54182725390625 0.26743235546875 0.5723056953125 0.29159655078125 0.57095128125 0.3027988984375 0.5526993125
5 0.67240373828125 0.38968216015625 0.68513084375 0.2537541171875 0.722934578125 0.19613135546875 0.72801239453125 0.11692537890625 0.703713671875 0.05778341796875 0.6689907578125 0.03605285546875 0.5984951875 0.0402634375 0.57010023046875 0.07631365234375 0.55388871875 0.110105890625 0.5458330625 0.173166625 0.551992171875 0.20228387890625 0.579099875 0.2489075625 0.57419091015625 0.3567770546875 0.58312492578125 0.405204984375 0.6282377109375 0.421357 0.67240373828125 0.38968216015625
5 0 0.50756657421875 0.022035203125 0.5505334609375 0.0981146640625 0.55311526953125 0.117304265625 0.53546437109375 0.1411307421875 0.47678291015625 0.1443804140625 0.42609311328125 0.116900671875 0.3539752421875 0.12363752734375 0.21759346484375 0.1116913515625 0.18485315234375 0.09832339453125 0.17429035546875 0.074159453125 0.17564087109375 0.04596743359375 0.20852565234375 0.02745325390625 0.340830640625 0 0.39155237890625 0 0.50756657421875
5 0.2075298359375 0.56776840234375 0.2181256640625 0.37119273046875 0.23213724609375 0.340418578125 0.23196863671875 0.31175116015625 0.214235140625 0.27539168359375 0.18628062890625 0.27327428125 0.1699005078125 0.27839909765625 0.15368899609375 0.3121913359375 0.15206428125 0.3375342890625 0.16841007421875 0.36424232421875 0.1628231640625 0.54528162109375 0.18495628125 0.57560881640625 0.2075298359375 0.56776840234375
5 0.68146925390625 0.68643815234375 0.7375814609375 0.68750362890625 0.76018933984375 0.647830359375 0.76323583203125 0.60030989453125 0.7447244296875 0.54478708984375 0.7416807109375 0.404479765625 0.72871887109375 0.38758220703125 0.69836149609375 0.3916483203125 0.6843499140625 0.42242247265625 0.67622560546875 0.5491489140625 0.6526020625 0.60466494140625 0.6591329609375 0.6592802890625 0.68146925390625 0.68643815234375
5 0.57330700390625 0.62094398046875 0.5879278828125 0.580665734375 0.57560991796875 0.52242733203125 0.5776753203125 0.4589128671875 0.5635292109375 0.42919064453125 0.549551953125 0.42813194140625 0.532156171875 0.44909951171875 0.52349121484375 0.52166434375 0.507279953125 0.5554526796875 0.50545180859375 0.583968859375 0.53076594140625 0.62727196875 0.57330700390625 0.62094398046875
4 0.7480341796875 0.99391885546875 0.76421137109375 0.99195946875 0.78360390625 0.971143140625 0.791456375 0.911251734375 0.777310515625 0.88152561328125 0.73378811328125 0.87186350390625 0.706408578125 0.892074859375 0.70507126171875 0.93567435546875 0.71669571875 0.9819909765625 0.7480341796875 0.99391885546875
4 0.76120198046875 0.81981929296875 0.7760260390625 0.77637171484375 0.77826005078125 0.74152467578125 0.76391100390625 0.71496787890625 0.74475598046875 0.70078202734375 0.70421166796875 0.7072612578125 0.6833973515625 0.75025510546875 0.67896316015625 0.7881241328125 0.7140924453125 0.80351603515625 0.73243498828125 0.8303753125 0.76120198046875 0.81981929296875
4 0.62538860546875 0.8413676171875 0.652193171875 0.79882749609375 0.67537602734375 0.78148298828125 0.67903181640625 0.72445842578125 0.66431098046875 0.6724035390625 0.64058723046875 0.63559033984375 0.5613265 0.62003651953125 0.526163140625 0.636473578125 0.49357150390625 0.6753906328125 0.47773203125 0.7346770625 0.48446611328125 0.786123078125 0.5031806953125 0.83847655078125 0.5193576328125 0.8365210625 0.54095010546875 0.81268664453125 0.570105921875 0.81171423828125 0.600852625 0.8172239375 0.62538860546875 0.8413676171875
4 0.6128362890625 1 0.63943173828125 0.96658840234375 0.64809669140625 0.89402357421875 0.6186201953125 0.82175445703125 0.59567485546875 0.80409678515625 0.54416544921875 0.793829703125 0.47877899609375 0.8748331484375 0.47112970703125 0.93155521875 0.4804695859375 0.97365228125 0.49722163671875 1 0.6128362890625 1
4 0.65185268359375 0.9293282421875 0.6953750859375 0.9389903515625 0.73957518359375 0.8754865625 0.73960951171875 0.8436537109375 0.7147017421875 0.7940119375 0.67297291015625 0.78767040625 0.6350003203125 0.81662963671875 0.62897598828125 0.84800486328125 0.65185268359375 0.9293282421875