5 0.67089480078125 0.733409375 0.68655343359375 0.74866375390625 0.70588559375 0.7594573203125 0.71282466015625 0.75900140234375 0.73589283203125 0.7238261640625 0.74181956640625 0.72141142578125 0.7534596328125 0.70808041796875 0.74684553515625 0.680252421875 0.74838012890625 0.67280975390625 0.77438665234375 0.634069765625 0.79582205859375 0.59689208203125 0.8151519921875 0.57183209375 0.84478295703125 0.5239087421875 0.85165508984375 0.4932537109375 0.84891134375 0.47985123046875 0.84334304296875 0.46908161328125 0.84370147265625 0.45589725390625 0.84218297265625 0.45295901953125 0.82492504296875 0.45080175390625 0.80861425390625 0.4562616484375 0.79974917578125 0.46224113671875 0.79352871875 0.47218579296875 0.78064778125 0.48542955078125 0.77673008984375 0.5021389296875 0.7675556640625 0.5260253359375 0.73438106640625 0.56709671484375 0.7287658984375 0.58745809375 0.7138281015625 0.6175460078125 0.69885730859375 0.63253046484375 0.68502826953125 0.638164859375 0.67041591015625 0.63996495703125 0.66741190234375 0.64919194921875 0.65570665234375 0.668181296875 0.65490676171875 0.67473180078125 0.65926765625 0.7005137265625 0.6653265 0.7226397578125 0.67089480078125 0.733409375
4 0.60542404296875 0.64815253125 0.609294390625 0.662578046875 0.63754071484375 0.67211468359375 0.6518107421875 0.67311804296875 0.661574359375 0.670029265625 0.682716515625 0.64037759375 0.702977984375 0.63331176953125 0.7147818828125 0.6237636328125 0.73020975390625 0.60503603515625 0.73825757421875 0.58012659375 0.738844546875 0.5650706640625 0.7296678984375 0.55310351171875 0.72940589453125 0.53987552734375 0.72241774609375 0.535608890625 0.71777922265625 0.506975984375 0.7143297890625 0.437858109375 0.71785558203125 0.41923353125 0.7167446015625 0.40783349609375 0.7106701328125 0.39608446484375 0.67842309375 0.383439 0.66527966796875 0.38345867578125 0.6460305390625 0.3924833203125 0.63038975 0.40270549609375 0.62506783203125 0.41554085546875 0.61991371484375 0.5038701015625 0.6227226484375 0.51161423828125 0.636405703125 0.52767353125 0.63864328125 0.5400966015625 0.6312984453125 0.5848717734375 0.62586273828125 0.5986390234375 0.618907578125 0.60947583984375 0.60542404296875 0.64815253125
5 0.4330928671875 0.7950024765625 0.43534607421875 0.79704855078125 0.4402783125 0.81815154296875 0.46070361328125 0.81486859375 0.4677230078125 0.79838123046875 0.47065960546875 0.75895902734375 0.468813921875 0.74845115625 0.46974369921875 0.73058786328125 0.463505875 0.7150520625 0.4567953515625 0.71363641015625 0.44629702734375 0.71761735546875 0.44143219140625 0.7267095703125 0.43431367578125 0.7337596171875 0.4186885078125 0.73360479296875 0.39645146484375 0.74147553125 0.362768953125 0.74571004296875 0.3567614140625 0.764160125 0.34941483203125 0.77307784765625 0.35330080859375 0.77712636328125 0.35225723046875 0.7959215390625 0.3559146640625 0.80184162890625 0.36967851953125 0.801865578125 0.39676478125 0.795279625 0.4330928671875 0.7950024765625
4 0.31029787890625 0.82694096484375 0.314461953125 0.83383656640625 0.3363405625 0.8391501875 0.343165359375 0.8396300546875 0.349826796875 0.83632315625 0.35002187109375 0.81935202734375 0.34295069140625 0.79526717578125 0.3478784921875 0.74466305859375 0.3398284453125 0.73371894140625 0.32606458984375 0.7336949921875 0.317705203125 0.74065779296875 0.31311798828125 0.75260099609375 0.3078634765625 0.79563156640625 0.30845266796875 0.8164291953125 0.31029787890625 0.82694096484375
5 0.10106380859375 0.53672 0.10725254296875 0.54753324609375 0.1153677734375 0.552819015625 0.12811882421875 0.550888046875 0.13721291796875 0.5430330859375 0.1632199140625 0.5042891953125 0.1701094140625 0.49911462109375 0.1867290703125 0.47575171484375 0.1914149296875 0.4732497265625 0.20173380078125 0.47586291015625 0.21229683203125 0.46622752734375 0.23823864453125 0.43314198046875 0.24124265234375 0.42391498828125 0.2390853984375 0.3954604765625 0.23578639453125 0.37635603125 0.23145896484375 0.36567366015625 0.21416756640625 0.3484168359375 0.20695087890625 0.34602176953125 0.18775083203125 0.35976896875 0.16597039453125 0.3639004609375 0.15766056640625 0.37558191796875 0.1513263203125 0.38645845703125 0.15052690234375 0.3930050625 0.1543320703125 0.41308891796875 0.15408791015625 0.4253374921875 0.11219596484375 0.48655212890625 0.1021234765625 0.50754392578125 0.09978946875 0.5215331953125 0.10106380859375 0.53672
4 0.184153125 0.537843109375 0.19440728515625 0.5461107421875 0.20399144921875 0.54961608984375 0.23287430859375 0.548815453125 0.2442863125 0.5373521171875 0.250000125 0.52643194921875 0.25300366015625 0.517208859375 0.2539825234375 0.504068125 0.24442960546875 0.47980877734375 0.2348610625 0.4659264296875 0.217488859375 0.46470494921875 0.21218255859375 0.4671633125 0.1929829921875 0.480906609375 0.17371776171875 0.50031215234375 0.1757763671875 0.519325453125 0.184153125 0.537843109375
4 0.53769004296875 0.33814255859375 0.54314407421875 0.34984796484375 0.55774128515625 0.35842096484375 0.57263175 0.359467953125 0.582394890625 0.3563830703125 0.59640291015625 0.344158453125 0.60115395703125 0.33599812109375 0.6024104453125 0.3257083671875 0.60108655078125 0.30580290625 0.60456278125 0.282459671875 0.603501359375 0.2757782890625 0.5969698125 0.26777240625 0.5822588046875 0.260131296875 0.57120523046875 0.25841026953125 0.55664148046875 0.26493682421875 0.5474826796875 0.2784462265625 0.54441444140625 0.29332376171875 0.538586359375 0.30517971484375 0.53641570703125 0.3229557578125 0.53769004296875 0.33814255859375
4 0.4643325625 0.616040453125 0.4728887734375 0.6279639765625 0.48297910546875 0.63244873828125 0.504531 0.63018882421875 0.5159430078125 0.61872548828125 0.5246603515625 0.59858223046875 0.52462688671875 0.583482671875 0.521817953125 0.5757385390625 0.52284638671875 0.5673164609375 0.535693859375 0.53897314453125 0.53570948046875 0.5285961484375 0.522971828125 0.48429656640625 0.49741969140625 0.48344375 0.4722750703125 0.47412913671875 0.46352426171875 0.47917283984375 0.45741855078125 0.48817780859375 0.4405859765625 0.50303529296875 0.43657011328125 0.5102995625 0.4354274140625 0.51965742578125 0.43973922265625 0.54071679296875 0.448165546875 0.56395310546875 0.46816722265625 0.579512859375 0.4625676796875 0.589497234375 0.46091881640625 0.59787569140625 0.4643325625 0.616040453125
4 0.28036357421875 0.44176287890625 0.29985908984375 0.45634321875 0.32275003125 0.4636156640625 0.3429467890625 0.46220428515625 0.36570609375 0.4449320625 0.37610576953125 0.43150990625 0.38046444140625 0.4214382734375 0.381378125 0.41395588671875 0.37399585546875 0.37192049609375 0.37370038671875 0.34359295703125 0.3758058515625 0.3314752578125 0.37356826953125 0.3190521875 0.36009765625 0.31150222265625 0.31735276953125 0.30283380078125 0.31294453515625 0.30818676953125 0.3098758203125 0.323068203125 0.2996890625 0.34499578515625 0.28086529296875 0.3710351796875 0.27253984375 0.39309363671875 0.27094054296875 0.40619074609375 0.27490954296875 0.4300574765625 0.28036357421875 0.44176287890625
4 0.081134515625 0.36170679296875 0.09182966015625 0.376612171875 0.1054140625 0.38323025390625 0.11534103515625 0.38392824609375 0.130410953125 0.3783811015625 0.14645925390625 0.35969712109375 0.1722890234375 0.36340091796875 0.18775083203125 0.35976896875 0.20401205078125 0.34959041796875 0.22316253515625 0.3311245625 0.22690125390625 0.32100541015625 0.2211021875 0.27625380859375 0.22761366796875 0.22292958203125 0.22576798046875 0.2124217109375 0.20379072265625 0.197666875 0.18011551171875 0.18656793359375 0.17080897265625 0.1859135703125 0.1487352890625 0.19757107421875 0.1277235 0.21590605859375 0.1208178984375 0.23146153125 0.11201975 0.26764012890625 0.11112391015625 0.30059908203125 0.09961325390625 0.30262119921875 0.09086196875 0.30766880078125 0.08289494921875 0.3165428984375 0.07865055078125 0.3256787421875 0.0772146015625 0.3425626171875 0.081134515625 0.36170679296875
5 0.0260941640625 0.6125897734375 0.0292141875 0.63828444921875 0.035402921875 0.6490976953125 0.0482682421875 0.6462309375 0.0499661953125 0.6425750390625 0.0487409453125 0.6321107890625 0.053818703125 0.63152399609375 0.05585946484375 0.62506074609375 0.09061948828125 0.61712670703125 0.1190118046875 0.60496966015625 0.13226949609375 0.60401419921875 0.1624088515625 0.5929238125 0.16608190234375 0.58846690234375 0.1667675234375 0.58285218359375 0.16369658203125 0.56188005859375 0.154112421875 0.5583747109375 0.12088651171875 0.55886998046875 0.07557907421875 0.5660623984375 0.05195342578125 0.5596821171875 0.04898113671875 0.5481512109375 0.032964078125 0.5460811875 0.02888302734375 0.55900380078125 0.03004309375 0.57512639453125 0.02686011328125 0.59094361328125 0.0260941640625 0.6125897734375