4 0.2390625 0.57708203125 0.24375 0.54375 0.2328125 0.52291796875 0.20625 0.50416796875 0.196875 0.50833203125 0.1875 0.525 0.18125 0.54375 0.18125 0.56666796875 0.19375 0.59166796875 0.2125 0.59583203125 0.2390625 0.57708203125
4 0.3328125 0.37083203125 0.328125 0.35416796875 0.3171875 0.34166796875 0.2921875 0.33541796875 0.2828125 0.33958203125 0.2765625 0.35208203125 0.2765625 0.40416796875 0.29375 0.43541796875 0.3171875 0.4375 0.3296875 0.41875 0.3328125 0.37083203125
4 0.49375 0.50625 0.4703125 0.50208203125 0.446875 0.52291796875 0.446875 0.55416796875 0.4609375 0.59583203125 0.4859375 0.60416796875 0.5046875 0.58125 0.5046875 0.52291796875 0.49375 0.50625
4 0.2171875 0.43541796875 0.2140625 0.38125 0.2078125 0.36458203125 0.1796875 0.35625 0.1578125 0.37291796875 0.153125 0.38541796875 0.1546875 0.40208203125 0.16875 0.44375 0.18125 0.45625 0.196875 0.46041796875 0.2171875 0.43541796875
4 0.434375 0.46458203125 0.4296875 0.43333203125 0.4125 0.4125 0.3984375 0.40625 0.3703125 0.41875 0.3609375 0.44375 0.359375 0.47291796875 0.3640625 0.48541796875 0.384375 0.50416796875 0.4140625 0.49583203125 0.434375 0.46458203125
4 0.371875 0.63958203125 0.3703125 0.61875 0.3578125 0.5875 0.3296875 0.58333203125 0.3125 0.58958203125 0.2953125 0.62291796875 0.2953125 0.6375 0.3046875 0.66458203125 0.315625 0.67708203125 0.3484375 0.67291796875 0.371875 0.63958203125
4 0.59375 0.72083203125 0.5921875 0.66458203125 0.578125 0.65208203125 0.5515625 0.64583203125 0.521875 0.675 0.521875 0.7125 0.5328125 0.73541796875 0.5453125 0.74375 0.571875 0.74375 0.5890625 0.73125 0.59375 0.72083203125
4 0.471875 0.75625 0.46875 0.74791796875 0.4828125 0.72291796875 0.484375 0.68958203125 0.4609375 0.65416796875 0.4421875 0.65208203125 0.41875 0.66458203125 0.409375 0.69791796875 0.409375 0.71666796875 0.41875 0.74375 0.4375 0.76666796875 0.4671875 0.76875 0.471875 0.75625
4 0.6203125 0.48125 0.6234375 0.42708203125 0.6109375 0.39375 0.58125 0.38958203125 0.5671875 0.39583203125 0.5515625 0.42083203125 0.546875 0.43958203125 0.5484375 0.46666796875 0.5703125 0.51041796875 0.6 0.51666796875 0.6203125 0.48125
4 0.3875 0.23333203125 0.38125 0.2125 0.346875 0.2 0.3203125 0.22083203125 0.3203125 0.26875 0.33125 0.31666796875 0.35 0.33125 0.3671875 0.33333203125 0.390625 0.30416796875 0.3875 0.23333203125
4 0.5 0.3875 0.5046875 0.37708203125 0.509375 0.30833203125 0.50625 0.29166796875 0.496875 0.27916796875 0.4671875 0.26875 0.44375 0.28125 0.4359375 0.31458203125 0.4375 0.35208203125 0.440625 0.36666796875 0.45625 0.3875 0.48125 0.39583203125 0.5 0.3875