4 0.05725522265625 0 0 0.351869171875 0 0.9434238671875 0.44575594921875 0.98017652734375 0.90004151953125 0.96166580859375 0.97890288671875 0.477013328125 0.99765145703125 0.01689048828125 0.7927945625 0 0.05725522265625 0
5 0.51050783203125 0.41477843359375 0.49710579296875 0.40103725 0.50014915234375 0.38233390234375 0.5146700546875 0.36036744921875 0.51583237890625 0.34361372265625 0.49799176171875 0.33792938671875 0.48308945703125 0.34301878125 0.45554665625 0.3681288984375 0.447345375 0.3800888828125 0.44497852734375 0.3946346328125 0.45100303515625 0.40566282421875 0.46711048828125 0.40277751171875 0.47742633984375 0.41626423828125 0.54868909765625 0.622214078125 0.55765255078125 0.64401210546875 0.5705259453125 0.65139161328125 0.57206904296875 0.65151884375 0.582151359375 0.637609234375 0.58244710546875 0.6165706796875 0.57608402734375 0.607623234375 0.57792223046875 0.58671580859375 0.56591605078125 0.58361723046875 0.55661465234375 0.5638960546875 0.56037672265625 0.55999680859375 0.55420434375 0.55948789453125 0.5381591015625 0.51393832421875 0.53811626953125 0.494980515625 0.53107731640625 0.49018677734375 0.53276828125 0.4797947265625 0.5057306796875 0.42491602734375 0.51050783203125 0.41477843359375
4 0.431876296875 0.51359808984375 0.4166788828125 0.539722140625 0.41999796875 0.56737683203125 0.43836786328125 0.579418953125 0.44145405078125 0.57967340625 0.45601778125 0.576664765625 0.47155376171875 0.54845996484375 0.47165880859375 0.51898287890625 0.4634146953125 0.5119850625 0.431876296875 0.51359808984375
4 0.45722293359375 0.57886884375 0.47531646875 0.5445568203125 0.47527363671875 0.525599015625 0.466648125 0.501724140625 0.4539654296875 0.50278316015625 0.44726441015625 0.4959125703125 0.44470686328125 0.50201979296875 0.43168559765625 0.5051595625 0.42160327734375 0.519069171875 0.4134448203125 0.5499869609375 0.420526609375 0.57373851171875 0.44574476171875 0.58213583984375 0.44728785546875 0.5822630703125 0.45722293359375 0.57886884375
4 0.310900640625 0.459396984375 0.29885099609375 0.4373445 0.26524149609375 0.4324647265625 0.25308680859375 0.439889328125 0.24420964453125 0.45600301171875 0.23759428515625 0.48704803515625 0.249834 0.5175429453125 0.27076080078125 0.5234817421875 0.2769331796875 0.52399065234375 0.2853251640625 0.52046919921875 0.303270828125 0.496676453125 0.310900640625 0.459396984375
4 0.2849872265625 0.522546046875 0.30770940625 0.48861961328125 0.313986828125 0.4596514453125 0.306037828125 0.43161896484375 0.26403633984375 0.4302606484375 0.25154371484375 0.43976209765625 0.24454758203125 0.4539261640625 0.23653700390625 0.4743246796875 0.23725571484375 0.48912878515625 0.24361879296875 0.49807622265625 0.2431329765625 0.51067235546875 0.261164296875 0.52479522265625 0.26965131640625 0.5254949765625 0.2849872265625 0.522546046875
4 0.338085484375 0.50376030859375 0.32424046484375 0.5215730546875 0.3190209609375 0.56326068359375 0.34187162890625 0.5862076640625 0.35421638671875 0.5872254921875 0.38006821875 0.572507421875 0.38909325390625 0.54587445703125 0.39175584375 0.51029015234375 0.37251937109375 0.49396320703125 0.338085484375 0.50376030859375
4 0.39450408984375 0.5126214609375 0.37609137109375 0.48162153515625 0.34112884375 0.4850569609375 0.31637775390625 0.531452296875 0.3162727109375 0.56092937890625 0.32470752734375 0.5763657265625 0.32094482421875 0.5802688671875 0.330203390625 0.58103223828125 0.3246197734375 0.58987920703125 0.3556122421875 0.5978681015625 0.35681676171875 0.600076078125 0.3566266953125 0.59163365234375 0.385374015625 0.5687315078125 0.39450408984375 0.5126214609375
4 0.44891660546875 0.62030591015625 0.42697534765625 0.6206015625 0.40695794921875 0.63790540234375 0.39981394921875 0.6625887421875 0.40207638671875 0.6775161796875 0.412392234375 0.69100290234375 0.42087925390625 0.69170266015625 0.44460651171875 0.685236171875 0.454836703125 0.6608072890625 0.45648483984375 0.63145743359375 0.44891660546875 0.62030591015625
4 0.4812171796875 0.65245089453125 0.4701197734375 0.67259884765625 0.46263783203125 0.6993590390625 0.48346023046875 0.7347710234375 0.492718796875 0.73553439453125 0.51890857421875 0.71873946875 0.5288001875 0.69639133203125 0.531843546875 0.677687984375 0.5183986796875 0.64498899609375 0.4812171796875 0.65245089453125
4 0.3715330546875 0.740287453125 0.3679182265625 0.73367131640625 0.35128276171875 0.7301910546875 0.34014252734375 0.73138120703125 0.3160244921875 0.75466503515625 0.30989494140625 0.7731139296875 0.31389117578125 0.79660712109375 0.33331771484375 0.8213764921875 0.34566247265625 0.8223943203125 0.36278437890625 0.81327455859375 0.37952488671875 0.78727773828125 0.386668890625 0.76259439453125 0.4071098828125 0.78112931640625 0.42287940234375 0.78032085546875 0.43194726171875 0.7726456953125 0.44608739453125 0.7337982890625 0.4398721875 0.7143315703125 0.4120964921875 0.71204145703125 0.40490966015625 0.71776699609375 0.3936221875 0.7294725234375 0.38580230859375 0.75830956640625 0.37871988671875 0.7345619140625 0.3715330546875 0.740287453125
4 0.41243506640625 0.70996070703125 0.392269796875 0.73778382421875 0.391298171875 0.762976078125 0.4071098828125 0.78112931640625 0.41636844921875 0.78189269140625 0.4281845625 0.7765488359375 0.44405848828125 0.7462671875 0.44589732421875 0.72535586328125 0.43317116796875 0.70746098046875 0.41243506640625 0.70996070703125
4 0.41858336328125 0.62412301953125 0.4062814375 0.642063 0.4015477421875 0.6711545 0.41513984765625 0.69333810546875 0.4243984140625 0.69410148046875 0.44460651171875 0.685236171875 0.454836703125 0.6608072890625 0.457351421875 0.63574226171875 0.4477120859375 0.61809793359375 0.41858336328125 0.62412301953125
4 0.364617890625 0.63862783203125 0.3506872109375 0.61852496875 0.31948738671875 0.61805725 0.29811759765625 0.643672390625 0.2932353984375 0.6832870625 0.3033611796875 0.68833136328125 0.30596155859375 0.70118194921875 0.314205671875 0.70817976953125 0.32809351953125 0.70932482421875 0.3455533671875 0.6981282109375 0.363308328125 0.66589694140625 0.364617890625 0.63862783203125
4 0.22265321484375 0.62692281640625 0.235908015625 0.6511793828125 0.2463711015625 0.6541507265625 0.23368840625 0.65520975390625 0.2064841796875 0.678239125 0.20001669140625 0.6987648671875 0.1999116484375 0.72824194921875 0.22377740234375 0.74495058203125 0.23766525390625 0.74609563671875 0.2482762109375 0.73854770703125 0.24850974609375 0.76594404296875 0.259354234375 0.78579244921875 0.26947937890625 0.7908406484375 0.2725655703125 0.7910951015625 0.28746787109375 0.78600570703125 0.2975501875 0.7720961015625 0.30638515234375 0.73702070703125 0.29862685546875 0.71742676171875 0.280786234375 0.711742421875 0.2540865703125 0.6547868671875 0.27241363671875 0.6478711875 0.28027634765625 0.63799194921875 0.2957695 0.59082934375 0.29162603125 0.57785152734375 0.2763429609375 0.56605996875 0.239160828125 0.57352576171875 0.22873993359375 0.58951612109375 0.22265321484375 0.62692281640625
5 0.560552734375 0.78956733203125 0.57820328515625 0.78680924609375 0.58331837890625 0.7745948046875 0.5834227890625 0.7451216171875 0.57739828125 0.73409342578125 0.56249598046875 0.73918282421875 0.5489888984375 0.75491871875 0.4861034375 0.7665794140625 0.47944524609375 0.77866662890625 0.48479323828125 0.79385241796875 0.4909656171875 0.79436133203125 0.5514420390625 0.7782846875 0.560552734375 0.78956733203125
5 0.5569478984375 0.40807991015625 0.56244439453125 0.4127425234375 0.5686167734375 0.4132514375 0.5766701875 0.4118107265625 0.59393933203125 0.39217558203125 0.6573540703125 0.386872671875 0.66299780859375 0.38101991015625 0.664307375 0.35375080078125 0.6588115078125 0.3490842890625 0.6516246796875 0.35480982421875 0.6104897734375 0.3577363359375 0.6000260546875 0.3547688828125 0.5919298125 0.3372517890625 0.5691213359375 0.33326651171875 0.5655065078125 0.32665037890625 0.55570055078125 0.386914125 0.5569478984375 0.40807991015625
5 0.79988022265625 0.79876845703125 0.8022470703125 0.7842227109375 0.79381225390625 0.76878636328125 0.7754429921875 0.75674033984375 0.73914682421875 0.70109826953125 0.71551459765625 0.71178597265625 0.707841953125 0.73010763671875 0.74143270703125 0.80237620703125 0.73120251953125 0.82680508984375 0.739299390625 0.84431829296875 0.7501010546875 0.845208890625 0.7872397265625 0.8187891875 0.79988022265625 0.79876845703125
5 0.604936390625 0.5552440078125 0.608022578125 0.55549846875 0.6236007578125 0.5462553671875 0.6276585703125 0.5213175703125 0.6336408828125 0.51338405859375 0.7810351484375 0.42444728125 0.7854308984375 0.3974326328125 0.7787298828125 0.3905620390625 0.7378285078125 0.4208848828125 0.63938902734375 0.478058109375 0.62241498828125 0.47665859375 0.61243771484375 0.46109112109375 0.5917009765625 0.46359475 0.583690390625 0.48399326953125 0.5961636328125 0.54188451171875 0.604936390625 0.5552440078125
5 0.75916422265625 0.68379443359375 0.76861348828125 0.69299633203125 0.7716996796875 0.6932507890625 0.7913791328125 0.6780238046875 0.80435694140625 0.655930125 0.80600507421875 0.62658026953125 0.79930405859375 0.6197096796875 0.7874879453125 0.62505352734375 0.77340939453125 0.6154699453125 0.768927984375 0.60456898046875 0.6962740625 0.54171583203125 0.68460582421875 0.53654040234375 0.67399423046875 0.54409223046875 0.66733604296875 0.5561794453125 0.6661743515625 0.5729292734375 0.75979790234375 0.66067903125 0.75916422265625 0.68379443359375
5 0.692730203125 0.794147296875 0.6957735625 0.77544394921875 0.6770228984375 0.74652087109375 0.63081166796875 0.6268764375 0.61075144140625 0.62522246875 0.60134500390625 0.634978375 0.59897815625 0.649524125 0.64383699609375 0.777479859375 0.6378981484375 0.80436728125 0.64753748828125 0.82201160546875 0.653709859375 0.82252051953125 0.6723748671875 0.81352798828125 0.692730203125 0.794147296875
5 0.70108466015625 0.2430574453125 0.69582232421875 0.26578726953125 0.69909858203125 0.27448415234375 0.87989759375 0.4031167109375 0.88471757421875 0.41193692578125 0.880997703125 0.434797875 0.89353316015625 0.44425423046875 0.90279172265625 0.44501760546875 0.92469015625 0.42576414453125 0.94022614453125 0.39755934375 0.94717944140625 0.36443747265625 0.94236009375 0.35561336328125 0.93377740625 0.3506962890625 0.9116882734375 0.36151121875 0.8784167109375 0.35455459375 0.8751398203125 0.345861609375 0.82244171875 0.31413561328125 0.8011335078125 0.29131976171875 0.7535926953125 0.2663410234375 0.74911128515625 0.25544005859375 0.71941172265625 0.23614176171875 0.70108466015625 0.2430574453125