5 0.58838266015625 0.65496057421875 0.57768148828125 0.6602519375 0.57005635546875 0.6775236484375 0.5770817421875 0.69252308984375 0.75607235546875 0.85321841796875 0.7620420234375 0.861636578125 0.760356140625 0.884734734375 0.77127013671875 0.897577609375 0.7869764140625 0.9018905078125 0.8053331796875 0.88192303125 0.81654289453125 0.83658925 0.81147694921875 0.8218015546875 0.76137318359375 0.80464601953125 0.58838266015625 0.65496057421875
5 0.6070876328125 0.4979138203125 0.61526002734375 0.527273578125 0.582587140625 0.57800666015625 0.58093162890625 0.6036926484375 0.60167348046875 0.62020540234375 0.64396140625 0.5550079609375 0.66753605859375 0.5627751015625 0.6761865859375 0.5495007265625 0.67404469140625 0.53374256640625 0.65318121875 0.506866828125 0.62749508984375 0.4859332421875 0.61573815625 0.4846394453125 0.6070876328125 0.4979138203125
4 0.6325913984375 0.50330876953125 0.653363625 0.52240935546875 0.6525206875 0.53395843359375 0.6389258828125 0.542811984375 0.64791080078125 0.55803094140625 0.6655765703125 0.56255946875 0.67895859765625 0.53557556640625 0.70822930859375 0.52844708203125 0.714829140625 0.50718580859375 0.71060613671875 0.48084903515625 0.69574275390625 0.4649831796875 0.66451255078125 0.47189602734375 0.6531204296875 0.50168728125 0.6325913984375 0.50330876953125
5 0.3119869921875 0.4486246171875 0.29251372265625 0.456831265625 0.264541921875 0.4912631015625 0.26089655078125 0.514145625 0.26982068359375 0.5241850390625 0.29227878515625 0.52018746875 0.49039441015625 0.80975153125 0.5002222734375 0.81342141796875 0.5089335390625 0.80532269921875 0.5165890859375 0.790642703125 0.51251812109375 0.77726062890625 0.320402578125 0.4987064453125 0.31536705078125 0.48651046484375 0.3229313984375 0.46405920703125 0.3119869921875 0.4486246171875
5 0.49288740625 1 0.40378998046875 0.85066907421875 0.40731373046875 0.8174235703125 0.39437946484375 0.79918551953125 0.37484536328125 0.802208734375 0.34684319140625 0.83405273828125 0.343167453125 0.8543474296875 0.35610171875 0.87258548828125 0.37569660546875 0.87474181640625 0.45237344921875 1 0.49288740625 1
5 0.48374490625 0.32653148046875 0.46107398046875 0.31239480859375 0.4523930859375 0.3230813515625 0.4545653515625 0.34142734375 0.49336819921875 0.3961453984375 0.5090745234375 0.4004621796875 0.5156743125 0.37919701953125 0.50861851171875 0.36160586328125 0.66972773828125 0.1659014765625 0.6674642265625 0.13978034375 0.65260088671875 0.1239183671875 0.64096552734375 0.1329836640625 0.48374490625 0.32653148046875
5 0.68393884765625 0.29293721875 0.63173190234375 0.34669740625 0.624980078125 0.3550078671875 0.62709155859375 0.36817430859375 0.6439448515625 0.38684751953125 0.7514348203125 0.2913113828125 0.78552828125 0.27824851953125 0.80581407421875 0.2559010703125 0.8056925 0.24554198046875 0.7747579765625 0.19427428515625 0.7610415546875 0.19276485546875 0.7504315859375 0.205827484375 0.75564951953125 0.23356598828125 0.710255140625 0.28419137109375 0.68393884765625 0.29293721875
5 0.7927222578125 0.47436309765625 0.78901610546875 0.49206607421875 0.80095544140625 0.50890239453125 0.774890640625 0.62245248046875 0.78577421875 0.63270364453125 0.80042478125 0.6304352578125 0.8246820859375 0.52962034765625 0.8458716484375 0.5009072578125 0.84080575 0.486123453125 0.813220875 0.47014989453125 0.7927222578125 0.47436309765625
4 0.604818609375 0.72144745703125 0.5950211640625 0.72036929296875 0.57277583984375 0.74249721875 0.57503935546875 0.768618359375 0.58405464453125 0.7864251484375 0.609588828125 0.7944118125 0.627945546875 0.77444044921875 0.62565166015625 0.74573148046875 0.604818609375 0.72144745703125
4 0.6638603203125 0.583069796875 0.63838696875 0.5802665703125 0.62596950390625 0.606064375 0.63414184765625 0.6354202421875 0.64309635546875 0.64804748828125 0.67245826953125 0.648690265625 0.68490615234375 0.625484171875 0.67872366015625 0.59893176953125 0.6638603203125 0.583069796875
4 0.66940159765625 0.221486421875 0.6596345703125 0.22299997265625 0.64320692578125 0.24059525 0.6456224296875 0.27966719921875 0.668354140625 0.298983421875 0.681979359375 0.2927215859375 0.696447515625 0.2749106796875 0.69409284765625 0.24102216015625 0.66940159765625 0.221486421875