4 0.23353269140625 0.4328493203125 0.22163669140625 0.44743109765625 0.21250825390625 0.46465454296875 0.20891433984375 0.48716515625 0.21737018359375 0.51410736328125 0.23528156640625 0.5217772578125 0.26452141015625 0.508431984375 0.274389515625 0.476587375 0.2668271015625 0.454037375 0.24346787109375 0.4305491953125 0.23353269140625 0.4328493203125
4 0.345082203125 0.28350640234375 0.33693387109375 0.2945909375 0.32876594140625 0.34575107421875 0.34088276953125 0.37972715234375 0.36376174609375 0.38624698828125 0.37907830859375 0.370216828125 0.38968669921875 0.32374721484375 0.38765880078125 0.30648438671875 0.37878978515625 0.2921183203125 0.3550173828125 0.28120627734375 0.345082203125 0.28350640234375
4 0.481259578125 0.56921026171875 0.50470487109375 0.58217116796875 0.5268631640625 0.56324040234375 0.5360105859375 0.50594519140625 0.52779517578125 0.48748523828125 0.5052433125 0.47891654296875 0.47877041796875 0.49490732421875 0.47386990625 0.5256018671875 0.481259578125 0.56921026171875
4 0.21609205859375 0.2923841484375 0.2094907578125 0.30376700390625 0.2084245859375 0.32043319140625 0.2158136484375 0.36404542578125 0.2262296953125 0.37870980859375 0.24104640625 0.3857868984375 0.2650782265625 0.36510943359375 0.27047858984375 0.31130762890625 0.26690427734375 0.293742640625 0.24036430859375 0.28018893359375 0.21609205859375 0.2923841484375
4 0.41930112890625 0.37797316796875 0.40609852734375 0.4007388828125 0.3999774765625 0.42909008203125 0.4026583671875 0.44226286328125 0.41982946484375 0.464557765625 0.45053027734375 0.4620380859375 0.475542203125 0.4352217109375 0.47580162109375 0.40363219921875 0.46205108203125 0.37988891796875 0.44910790234375 0.37106512109375 0.41930112890625 0.37797316796875
4 0.33527168359375 0.53473087890625 0.31302671484375 0.56419276171875 0.31074001171875 0.5785156015625 0.31577529296875 0.6069061875 0.32464430859375 0.62127225390625 0.35778496484375 0.6234469453125 0.3862180625 0.59517834375 0.3879378359375 0.5744182734375 0.38046209765625 0.54133715625 0.3532691328125 0.5318735 0.33527168359375 0.53473087890625
4 0.52917896484375 0.65860557421875 0.52329834765625 0.69543903125 0.53053365234375 0.720037890625 0.54160330859375 0.730608390625 0.56790283984375 0.73567984375 0.58688039453125 0.7266835546875 0.59315519921875 0.71734571875 0.60042909375 0.66179721484375 0.588466015625 0.6468345078125 0.56314658203125 0.6356241484375 0.52917896484375 0.65860557421875
4 0.47211154296875 0.6265093125 0.4538742734375 0.62088059765625 0.42870859375 0.62868360546875 0.41419878125 0.65963709375 0.41125847265625 0.6780538203125 0.41629375390625 0.70644440625 0.43126421484375 0.73253487109375 0.4603313203125 0.7402479921875 0.4669326171875 0.7288651328125 0.46514515625 0.7200845546875 0.4829888515625 0.69821380859375 0.4897635078125 0.66576871875 0.47211154296875 0.6265093125
4 0.617821015625 0.39305097265625 0.5984302890625 0.41462340234375 0.59084888671875 0.43214516796875 0.58814839453125 0.45904798828125 0.6029461171875 0.50619684375 0.63135961328125 0.51800384765625 0.657025140625 0.4870935859375 0.6686136328125 0.43448506640625 0.66146439453125 0.3993589296875 0.63272440234375 0.3895969453125 0.617821015625 0.39305097265625
4 0.3933185859375 0.22109307421875 0.39663348046875 0.2702475703125 0.41291115625 0.28815026171875 0.4296020078125 0.29347681640625 0.4573808828125 0.26930594140625 0.46539506640625 0.1991324296875 0.46247374609375 0.17747739453125 0.43039925390625 0.15863651953125 0.4008329140625 0.1740268203125 0.3933185859375 0.22109307421875
4 0.56649944140625 0.26503611328125 0.53873955078125 0.24913522265625 0.51357387109375 0.25693823046875 0.500611703125 0.288186203125 0.49627812109375 0.32531798046875 0.49708486328125 0.34024130078125 0.509288375 0.36368626171875 0.53273427734375 0.37664332421875 0.5526052578125 0.3720392421875 0.5588800625 0.36270141015625 0.5743022890625 0.29606837109375 0.57382142578125 0.279103859375 0.56649944140625 0.26503611328125