4 0.571875 0.275 0.5765625 0.27708203125 0.5890625 0.25208203125 0.590625 0.20625 0.5734375 0.18333203125 0.559375 0.18125 0.546875 0.18958203125 0.5390625 0.20625 0.5375 0.25208203125 0.55625 0.27083203125 0.5765625 0.26458203125 0.578125 0.27083203125 0.571875 0.275
4 0.609375 0.48333203125 0.5734375 0.475 0.55 0.50208203125 0.5484375 0.53958203125 0.559375 0.5625 0.5921875 0.57083203125 0.6203125 0.54166796875 0.61875 0.50625 0.609375 0.48333203125
4 0.5453125 0.0634140625 0.53388671875 0.05137109375 0.50086328125 0.04403125 0.4796875 0.05508203125 0.478125 0.12799609375 0.4828125 0.14674609375 0.49375 0.16133203125 0.51003515625 0.15411328125 0.5390625 0.15299609375 0.5453125 0.0634140625
5 0.29375 0.11041796875 0.2953125 0.09375 0.2828125 0.0875 0.184375 0.14583203125 0.178125 0.15625 0.18125 0.17083203125 0.1953125 0.18958203125 0.2078125 0.1875 0.2234375 0.16458203125 0.29375 0.11041796875
5 0.3515625 0.71666796875 0.3609375 0.70625 0.440625 0.67083203125 0.4421875 0.65 0.428125 0.65 0.36875 0.68333203125 0.3140625 0.68333203125 0.3109375 0.69375 0.3296875 0.76041796875 0.3453125 0.76666796875 0.353125 0.75833203125 0.3515625 0.71666796875
5 0.3484375 0.62291796875 0.3640625 0.60833203125 0.49375 0.53125 0.496875 0.51458203125 0.4859375 0.5125 0.353125 0.59166796875 0.3140625 0.6 0.309375 0.6125 0.3171875 0.64166796875 0.325 0.65208203125 0.3328125 0.65208203125 0.3484375 0.62291796875
5 0.496875 0.33333203125 0.509375 0.32083203125 0.5125 0.29583203125 0.49375 0.275 0.48125 0.2 0.4765625 0.19375 0.465625 0.19375 0.4515625 0.20416796875 0.453125 0.25 0.4609375 0.2875 0.45 0.30625 0.45 0.31875 0.4640625 0.3375 0.496875 0.33333203125
5 0.1953125 0.5125 0.21875 0.51041796875 0.2265625 0.49583203125 0.2265625 0.4625 0.2140625 0.43125 0.2015625 0.42916796875 0.1796875 0.45416796875 0.1234375 0.45833203125 0.1109375 0.46458203125 0.1125 0.49375 0.1265625 0.50416796875 0.1875 0.49791796875 0.1953125 0.5125
5 0.4875 0.81458203125 0.4953125 0.8 0.4890625 0.77083203125 0.49375 0.73958203125 0.5265625 0.68125 0.5609375 0.6375 0.559375 0.61875 0.553125 0.61041796875 0.5453125 0.61041796875 0.4671875 0.7375 0.4609375 0.74583203125 0.4390625 0.74791796875 0.4328125 0.7625 0.44375 0.78333203125 0.4765625 0.81458203125 0.4875 0.81458203125
5 0.2171875 0.65 0.2375 0.66875 0.2625 0.65416796875 0.2609375 0.61875 0.246875 0.58125 0.234375 0.56875 0.21875 0.56666796875 0.2046875 0.58333203125 0.1984375 0.61041796875 0.14375 0.65 0.14375 0.67291796875 0.1640625 0.67708203125 0.20625 0.64791796875 0.2171875 0.65
5 0.3515625 0.42708203125 0.5453125 0.4 0.5765625 0.4 0.5859375 0.41666796875 0.609375 0.41458203125 0.609375 0.35625 0.6015625 0.34583203125 0.5828125 0.34375 0.5765625 0.35208203125 0.575 0.36875 0.565625 0.375 0.3515625 0.40208203125 0.3421875 0.41041796875 0.340625 0.42083203125 0.3515625 0.42708203125
5 0.371875 0.29166796875 0.4015625 0.13333203125 0.3984375 0.10833203125 0.378125 0.09791796875 0.36875 0.11041796875 0.334375 0.23958203125 0.3125 0.26666796875 0.3140625 0.28333203125 0.33125 0.3 0.365625 0.30208203125 0.371875 0.29166796875
5 0.165625 0.32708203125 0.2203125 0.3375 0.315625 0.36875 0.3578125 0.37708203125 0.38125 0.37291796875 0.378125 0.35208203125 0.1671875 0.2875 0.1578125 0.28125 0.153125 0.25833203125 0.1265625 0.25416796875 0.1140625 0.27083203125 0.1078125 0.30625 0.1109375 0.34375 0.121875 0.35625 0.1328125 0.35416796875 0.14375 0.33125 0.165625 0.32708203125