3 0.1848482890625 0 0.1142732890625 0.0900606953125 0.07118231640625 0.1263628984375 0.04290608984375 0.11141069140625 0.014113765625 0.1412065078125 0.0169571875 0.20250557421875 0.0375926328125 0.26266687890625 0.05874808203125 0.27807991015625 0.1094798359375 0.196568609375 0.17412017578125 0.142117015625 0.2383016015625 0.126820890625 0.257003734375 0.04736485546875 0.239731671875 0.003758265625 0.23160864453125 0 0.1848482890625 0
3 0.9059899453125 0.50318931640625 0.90553493359375 0.5423445390625 0.819414078125 0.60935614453125 0.78758334375 0.59463202734375 0.75885605859375 0.618830890625 0.76163444140625 0.68572691015625 0.78226988671875 0.74588821484375 0.80698374609375 0.7610729140625 0.8394033828125 0.72545546484375 0.85053368359375 0.685611328125 0.92235193359375 0.62511026953125 0.95431656640625 0.628648046875 0.9937841328125 0.59816722265625 0.99831755859375 0.5140353984375 0.98091551171875 0.48161489453125 0.93840567578125 0.46757212109375 0.9059899453125 0.50318931640625
3 0.65266291015625 0 0.644821390625 0.02806836328125 0.565817359375 0.09462330078125 0.5339216328125 0.0854922265625 0.50875271484375 0.1094666640625 0.50810271875 0.1654010234375 0.528608171875 0.2367484140625 0.5605038515625 0.2458833984375 0.589621203125 0.1881184453125 0.6615733984375 0.1164271328125 0.704209359375 0.11928015625 0.73656400390625 0.08925575390625 0.74808426953125 0.01585334765625 0.7418049453125 0 0.65266291015625 0
3 0.406318140625 0.35638859765625 0.405928125 0.3899507734375 0.32330069140625 0.46232709375 0.266362171875 0.46598070703125 0.25154351953125 0.517235359375 0.2754773515625 0.59954441796875 0.2965717578125 0.6205463359375 0.32523404296875 0.601940515625 0.33998769921875 0.55627891015625 0.41899173046875 0.48972397265625 0.45813427734375 0.48721228515625 0.4978618671875 0.434355375 0.5021353125 0.3725957265625 0.474123015625 0.33526718359375 0.442162296875 0.33172915625 0.406318140625 0.35638859765625
3 1 0.1569371640625 0.988504109375 0.134574765625 0.9425008125 0.11517119921875 0.91008508203125 0.15078839453125 0.9096950625 0.18435057421875 0.82713266796875 0.25112993359375 0.766509609375 0.2662016328125 0.7589377734375 0.30581352734375 0.78636501953125 0.39348729296875 0.8110789296875 0.408668078125 0.8434985703125 0.3730506328125 0.84744699609375 0.3392601171875 0.92644712109375 0.2727054296875 0.95841175 0.27624320703125 0.997879265625 0.24576630078125 1 0.2064080625 1 0.1569371640625
3 1 0 0.91183734375 0 0.91177517578125 0.00534967578125 0.83270615234375 0.07749766015625 0.7901351875 0.06905159375 0.76858972265625 0.08720073828125 0.76095284375 0.1324095859375 0.78838013671875 0.22007944140625 0.81315899609375 0.22967109765625 0.8419552265625 0.19987502734375 0.8459686484375 0.16049146875 0.89986489453125 0.11231426171875 0.935774 0.0820656875 0.99277755859375 0.0728151171875 1 0.0203754453125 1 0
3 0.6458279609375 0.55342046484375 0.5919278515625 0.60159401171875 0.509824328125 0.6292218125 0.49500172265625 0.68048062890625 0.52243292578125 0.76815023046875 0.54721177734375 0.7777418828125 0.575939109375 0.75353911328125 0.57995253515625 0.7141555546875 0.65546314453125 0.64223590625 0.72676534765625 0.626478953125 0.7420390078125 0.536069078125 0.72819537109375 0.50342023828125 0.68219212109375 0.48401275390625 0.6498413828125 0.51403690625 0.6458279609375 0.55342046484375
3 0.41031432421875 0 0.40646489453125 0.03777427734375 0.32739587109375 0.10992226171875 0.2812625859375 0.10170477734375 0.25965208203125 0.12545087890625 0.25563866015625 0.1648344375 0.28300091015625 0.25810125 0.30784871484375 0.26209569921875 0.3402644453125 0.2264785 0.3513946953125 0.1866382734375 0.42315191015625 0.13172609375 0.48739833203125 0.11083692578125 0.50195700390625 0.08195444921875 0.50260704296875 0.02601618359375 0.4907416953125 0 0.41031432421875 0
3 0.159232578125 0.19896887109375 0.1588425625 0.2325310546875 0.069102203125 0.3053637890625 0.03720261328125 0.29622905859375 0.015657109375 0.31438211328125 0.0115136953125 0.36495176171875 0.03551251953125 0.4416677734375 0.0602303359375 0.4568483125 0.08902266015625 0.42705249609375 0.09303608203125 0.3876689375 0.16491937890625 0.32157091796875 0.21467607421875 0.32396701953125 0.24340335546875 0.29976816015625 0.2549886640625 0.220768796875 0.2341581875 0.1773905390625 0.19165221875 0.16335142578125 0.159232578125 0.19896887109375
3 0.26428210546875 0.64497769140625 0.24946341015625 0.6962362578125 0.276890703125 0.783906109375 0.305231875 0.7932691796875 0.33040079296875 0.7692947421875 0.3415960390625 0.72386146875 0.41341824609375 0.66335624609375 0.4596776171875 0.66038788671875 0.48484653515625 0.636413453125 0.50012019921875 0.54600357421875 0.4437706328125 0.49931171484375 0.31766220703125 0.64155241015625 0.26428210546875 0.64497769140625
3 0.57787246484375 0.89315253515625 0.63546101953125 0.83356065625 0.6641233125 0.81495483984375 0.69951245703125 0.82945062109375 0.724685234375 0.80547984765625 0.73924390625 0.77659737109375 0.74002394140625 0.70947301171875 0.7191245625 0.6716880546875 0.68017705078125 0.6574166953125 0.5970946015625 0.768948234375 0.49693508203125 0.82009405078125 0.4929866484375 0.85388456640625 0.51692443359375 0.9361894609375 0.5475466953125 0.95577905859375 0.54955541015625 0.95561508984375 0.57748244921875 0.92671471875 0.57787246484375 0.89315253515625
3 0.02590889453125 0.96210792578125 0.0576784921875 0.98242875 0.08284741015625 0.9584543125 0.08692582421875 0.9134777109375 0.1587441328125 0.85297273828125 0.2372931484375 0.8255730234375 0.24894340234375 0.7409845234375 0.23154135546875 0.7085640234375 0.1782951484375 0.7008029609375 0.14186208203125 0.77580396484375 0.0701088203125 0.83071198046875 0.03465077734375 0.82180949609375 0.0131053125 0.839958640625 0.004962859375 0.8530432109375 0.00511638671875 0.879431984375 0.0087668671875 0.9073113359375 0.02590889453125 0.96210792578125
3 0.5010952578125 0.462096171875 0.4970818359375 0.50147973046875 0.5175911953125 0.572826875 0.5528503046875 0.59851265625 0.57808421484375 0.568945171875 0.57847423046875 0.53538299609375 0.66828348828125 0.45695696484375 0.732403828125 0.4472536328125 0.7441841171875 0.35147513671875 0.7056226640625 0.30364576171875 0.6842721875 0.30501576953125 0.60112474609375 0.42214035546875 0.5010952578125 0.462096171875
3 0.90714326953125 0.7099271015625 0.8388183828125 0.77579678125 0.7639578125 0.79177816015625 0.7527625234375 0.83721534375 0.78018981640625 0.92488519921875 0.80496867578125 0.9344768515625 0.8336999140625 0.91027383203125 0.8377133359375 0.8708902734375 0.9275836796875 0.7868714453125 0.95585990625 0.8018236484375 0.98814565234375 0.77739254296875 0.9928090703125 0.682074625 0.9398840234375 0.64634076953125 0.90746829296875 0.68195796484375 0.90714326953125 0.7099271015625
3 0.506737640625 0.28287060546875 0.502525328125 0.339033546875 0.52659305859375 0.410156265625 0.5513069609375 0.42533705078125 0.598411359375 0.34965129296875 0.67023356640625 0.28914606640625 0.70212925 0.29828105078125 0.7380423046875 0.26802831640625 0.7461991875 0.1780711953125 0.72174140234375 0.1405145703125 0.6862872578125 0.13161183203125 0.6067632265625 0.2429150390625 0.506737640625 0.28287060546875
3 0.41920348046875 0.165516609375 0.40444982421875 0.21117821875 0.31826397265625 0.28378287109375 0.2863682421875 0.274651796875 0.261195421875 0.29862648046875 0.2536235859375 0.338238375 0.2741290390625 0.40958576953125 0.30576864453125 0.4410926796875 0.33449598046875 0.41688991015625 0.35287304296875 0.365406921875 0.41757842578125 0.3053583671875 0.46377280078125 0.3079830546875 0.488941671875 0.28401252734375 0.49709855078125 0.1940554140625 0.47969650390625 0.16163491015625 0.44430735546875 0.147139125 0.41920348046875 0.165516609375
3 0.1423988515625 0.42362746484375 0.077762375 0.47808272265625 0.035187546875 0.46963299609375 0.01720044921875 0.48755771484375 0.0094335859375 0.54395265625 0.033432453125 0.62066475390625 0.05458794921875 0.63607387890625 0.086942546875 0.606053390625 0.0945144296875 0.5664375859375 0.14122880859375 0.524314 0.24138828515625 0.47317209765625 0.25290855078125 0.3997696875 0.23912991015625 0.36152780859375 0.18957215234375 0.34234841015625 0.15715251171875 0.37796585546875 0.1423988515625 0.42362746484375
3 0.0596935625 0.80902480859375 0.08492747265625 0.779457328125 0.08525249609375 0.75148819140625 0.164382609375 0.67374741796875 0.21782770703125 0.66472909375 0.24681505859375 0.61815023046875 0.2508934765625 0.57317362890625 0.2300630078125 0.529795375 0.1982323203125 0.51506734375 0.15876084765625 0.54554841796875 0.154812421875 0.57933893359375 0.072188890625 0.651715 0.0187437890625 0.6607333203125 0.0041075703125 0.70603146484375 0.00411194921875 0.70678433203125 0.0314173828125 0.7940686953125 0.0596935625 0.80902480859375
3 0.38746539453125 0.7544552890625 0.251396765625 0.8358496796875 0.26103199609375 0.9246612109375 0.2924765703125 0.97295116796875 0.32838572265625 0.94269868359375 0.33239914453125 0.903315125 0.41496158984375 0.83653184765625 0.46846777734375 0.821920734375 0.486584859375 0.792809921875 0.4908583125 0.7310502734375 0.477014671875 0.69840143359375 0.43813215234375 0.67853703125 0.40584641015625 0.702968140625 0.38746539453125 0.7544552890625