3 0.23131640625 0.02793359375 0.18861328125 0.0055859375 0.10676171875 0.10614453125 0.06405859375 0.1396640625 0.0355859375 0.12290625 0.0071171875 0.15083984375 0.01067578125 0.2122890625 0.03202734375 0.2737421875 0.05337890625 0.29050390625 0.103203125 0.2122890625 0.16726171875 0.16201171875 0.23131640625 0.15083984375 0.249109375 0.072625 0.23131640625 0.02793359375
3 0.9928828125 0.670390625 0.99644140625 0.58659375 0.9786484375 0.55307421875 0.93594140625 0.5363125 0.9039140625 0.56983203125 0.9039140625 0.6089375 0.81850390625 0.670390625 0.7864765625 0.6536328125 0.7580078125 0.6759765625 0.76156640625 0.743015625 0.78291796875 0.80446875 0.807828125 0.82123046875 0.839859375 0.7877109375 0.85053515625 0.7486015625 0.92170703125 0.69273828125 0.95373828125 0.69832421875 0.9928828125 0.670390625
3 0.74021484375 0.072625 0.722421875 0.02793359375 0.67615625 0.011171875 0.6476875 0.03910546875 0.63701171875 0.0782109375 0.55871875 0.1396640625 0.52669140625 0.1284921875 0.50178125 0.15083984375 0.50178125 0.206703125 0.5231328125 0.279328125 0.55516015625 0.29050390625 0.58362890625 0.23463671875 0.6548046875 0.16759765625 0.6975078125 0.17318359375 0.7295390625 0.14525 0.74021484375 0.072625
3 0.49466015625 0.474859375 0.49821875 0.41340625 0.46975 0.37430078125 0.43772265625 0.36871484375 0.40213671875 0.3910625 0.40213671875 0.42458203125 0.32028515625 0.49162109375 0.26334375 0.49162109375 0.249109375 0.5418984375 0.27401953125 0.62569921875 0.295375 0.64804296875 0.32384375 0.63128515625 0.338078125 0.58659375 0.41637109375 0.525140625 0.455515625 0.525140625 0.49466015625 0.474859375
3 0.9928828125 0.3184375 0.99644140625 0.23463671875 0.98220703125 0.206703125 0.93594140625 0.184359375 0.9039140625 0.21787890625 0.9039140625 0.2513984375 0.8220625 0.31284765625 0.76156640625 0.3240234375 0.75444921875 0.36312890625 0.78291796875 0.452515625 0.807828125 0.4692734375 0.839859375 0.43575390625 0.84341796875 0.402234375 0.92170703125 0.34078125 0.95373828125 0.3463671875 0.9928828125 0.3184375
3 0.985765625 0.14525 0.99644140625 0.061453125 0.98220703125 0.02793359375 0.94305859375 0.0055859375 0.9039140625 0.04469140625 0.9039140625 0.072625 0.82562109375 0.1396640625 0.78291796875 0.1284921875 0.76156640625 0.14525 0.75444921875 0.1899453125 0.78291796875 0.279328125 0.807828125 0.29050390625 0.83630078125 0.2625703125 0.839859375 0.22346484375 0.89323828125 0.17876953125 0.92882421875 0.15083984375 0.985765625 0.14525
3 0.74021484375 0.5921796875 0.72598046875 0.55866015625 0.67971484375 0.5363125 0.6476875 0.56424609375 0.64412890625 0.6033515625 0.59074609375 0.64804296875 0.5088984375 0.670390625 0.49466015625 0.720671875 0.5231328125 0.8100546875 0.54804296875 0.82123046875 0.57651171875 0.7988828125 0.5800703125 0.75977734375 0.6548046875 0.69273828125 0.72598046875 0.6815625 0.74021484375 0.5921796875
3 0.49466015625 0.12290625 0.49466015625 0.0670390625 0.4768671875 0.02793359375 0.44128125 0.0055859375 0.40213671875 0.03351953125 0.398578125 0.072625 0.32028515625 0.1396640625 0.27401953125 0.1284921875 0.25266796875 0.15083984375 0.249109375 0.1899453125 0.277578125 0.28491796875 0.3024921875 0.29050390625 0.33451953125 0.256984375 0.3451953125 0.21787890625 0.41637109375 0.16759765625 0.48042578125 0.15083984375 0.49466015625 0.12290625
3 0.23843359375 0.3240234375 0.249109375 0.24580859375 0.2277578125 0.2011171875 0.1850546875 0.184359375 0.1530234375 0.21787890625 0.1530234375 0.2513984375 0.06405859375 0.3184375 0.03202734375 0.30726171875 0.01067578125 0.3240234375 0.0071171875 0.37430078125 0.03202734375 0.452515625 0.05694140625 0.4692734375 0.08541015625 0.44133984375 0.08896875 0.402234375 0.160140625 0.34078125 0.20996484375 0.3463671875 0.23843359375 0.3240234375
3 0.483984375 0.6759765625 0.49821875 0.58659375 0.44128125 0.5363125 0.3167265625 0.670390625 0.26334375 0.670390625 0.249109375 0.720671875 0.277578125 0.8100546875 0.30605078125 0.82123046875 0.3309609375 0.7988828125 0.34163671875 0.75419140625 0.4128125 0.69832421875 0.45907421875 0.69832421875 0.483984375 0.6759765625
3 0.70106640625 0.8826796875 0.72598046875 0.8603359375 0.74021484375 0.83240234375 0.74021484375 0.76536328125 0.718859375 0.7262578125 0.67971484375 0.70949609375 0.59786328125 0.815640625 0.49821875 0.8603359375 0.49466015625 0.89385546875 0.51957421875 0.97765234375 0.5516015625 1 0.5800703125 0.97206640625 0.5800703125 0.938546875 0.63701171875 0.8826796875 0.66548046875 0.865921875 0.70106640625 0.8826796875
3 0.23843359375 0.84916015625 0.249109375 0.76536328125 0.23131640625 0.73184375 0.1779375 0.720671875 0.14234765625 0.793296875 0.07117578125 0.84357421875 0.0355859375 0.83240234375 0.014234375 0.84916015625 0.00355859375 0.865921875 0.01067578125 0.91619921875 0.02846875 0.97206640625 0.0605 0.9944140625 0.08541015625 0.97206640625 0.08896875 0.927375 0.160140625 0.8715078125 0.23843359375 0.84916015625
3 0.74021484375 0.4078203125 0.70106640625 0.35754296875 0.67971484375 0.35754296875 0.59786328125 0.4692734375 0.49821875 0.50279296875 0.49466015625 0.5418984375 0.516015625 0.6145234375 0.5516015625 0.64245703125 0.57651171875 0.6145234375 0.57651171875 0.58100390625 0.66548046875 0.50837890625 0.7295390625 0.50279296875 0.74021484375 0.4078203125
3 0.98932421875 0.84916015625 0.9928828125 0.75419140625 0.9395 0.71508203125 0.90747265625 0.7486015625 0.90747265625 0.77653515625 0.839859375 0.83798828125 0.765125 0.84916015625 0.75444921875 0.89385546875 0.78291796875 0.98323828125 0.807828125 0.9944140625 0.83630078125 0.97206640625 0.839859375 0.9329609375 0.92882421875 0.85475 0.957296875 0.8715078125 0.98932421875 0.84916015625
3 0.74021484375 0.23463671875 0.71530078125 0.19553125 0.67971484375 0.184359375 0.601421875 0.29050390625 0.50178125 0.3240234375 0.49821875 0.37988671875 0.5231328125 0.452515625 0.54804296875 0.4692734375 0.5943046875 0.3966484375 0.66548046875 0.34078125 0.6975078125 0.35195703125 0.73309765625 0.3240234375 0.74021484375 0.23463671875
3 0.483984375 0.3240234375 0.4911015625 0.23463671875 0.47330859375 0.2011171875 0.43772265625 0.184359375 0.4128125 0.2011171875 0.398578125 0.24580859375 0.31316796875 0.31284765625 0.281140625 0.30167578125 0.2562265625 0.3240234375 0.249109375 0.36312890625 0.2704609375 0.43575390625 0.3024921875 0.4692734375 0.3309609375 0.44692578125 0.34875390625 0.3966484375 0.4128125 0.34078125 0.45907421875 0.3463671875 0.483984375 0.3240234375
3 0.249109375 0.42458203125 0.234875 0.3854765625 0.1850546875 0.36312890625 0.1530234375 0.3966484375 0.1387890625 0.44133984375 0.074734375 0.49162109375 0.03202734375 0.4804453125 0.014234375 0.49720703125 0.0071171875 0.55307421875 0.03202734375 0.63128515625 0.05337890625 0.64804296875 0.08541015625 0.62011328125 0.09252734375 0.58100390625 0.1387890625 0.5418984375 0.23843359375 0.49720703125 0.249109375 0.42458203125
3 0.24555078125 0.64245703125 0.249109375 0.597765625 0.2277578125 0.55307421875 0.19573046875 0.5363125 0.15658203125 0.56424609375 0.1530234375 0.597765625 0.07117578125 0.6648046875 0.01779296875 0.670390625 0.00355859375 0.71508203125 0.03202734375 0.80446875 0.0605 0.82123046875 0.08541015625 0.793296875 0.08541015625 0.76536328125 0.16369921875 0.69273828125 0.21708203125 0.68715234375 0.24555078125 0.64245703125
3 0.4911015625 0.77094921875 0.4768671875 0.7374296875 0.43772265625 0.71508203125 0.4056953125 0.7374296875 0.3878984375 0.7877109375 0.25266796875 0.8603359375 0.26334375 0.94971875 0.295375 1 0.3309609375 0.97206640625 0.33451953125 0.9329609375 0.41637109375 0.8715078125 0.46975 0.8603359375 0.48754296875 0.83240234375 0.4911015625 0.77094921875