4 0.42491815234375 0.48090619921875 0.42104688671875 0.50988360546875 0.4375716953125 0.5324285234375 0.46296315625 0.53340533984375 0.47489965625 0.52097916015625 0.4803163046875 0.48381471875 0.4664826328125 0.4639496328125 0.4430167109375 0.46124019140625 0.42491815234375 0.48090619921875
4 0.4081812109375 0.24777503515625 0.39968726171875 0.2843054453125 0.4092986015625 0.29266579296875 0.47277689453125 0.29510975390625 0.4785520625 0.2899195625 0.4816570078125 0.256533546875 0.4689683671875 0.2475391640625 0.4081812109375 0.24777503515625
4 0.1933616875 0.4204373046875 0.2002609765625 0.4516338203125 0.2187180546875 0.46394206640625 0.23333896484375 0.4626997734375 0.244889296875 0.45231939453125 0.25722614453125 0.42083546484375 0.2507062890625 0.39609720703125 0.2291719140625 0.3831549296875 0.2068510234375 0.39131619921875 0.1933616875 0.4204373046875
4 0.26885340625 0.31689514453125 0.26230518359375 0.3261807734375 0.2657410078125 0.35878905859375 0.30498032421875 0.36261901953125 0.33691928125 0.35431404296875 0.34502706640625 0.31982943359375 0.33580189453125 0.30942328515625 0.304255828125 0.30717840625 0.26885340625 0.31689514453125
4 0.54544454296875 0.3504916484375 0.53926902734375 0.37473958203125 0.54656193359375 0.39538240625 0.5638739765625 0.3968199453125 0.6108200078125 0.385226875 0.61851998828125 0.37830790234375 0.62201182421875 0.3428722421875 0.60893701953125 0.33592366015625 0.54544454296875 0.3504916484375
4 0.29910058984375 0.495389203125 0.29639526953125 0.50972131640625 0.30753180078125 0.5354067890625 0.3171498671875 0.53526308203125 0.372196953125 0.49768945703125 0.37875190234375 0.47989977734375 0.3737699765625 0.45548237109375 0.35453383984375 0.45576977734375 0.29910058984375 0.495389203125
4 0.114758296875 0.56586954296875 0.1093483828125 0.5945299296875 0.1243345390625 0.61675783203125 0.15087776171875 0.6201013046875 0.16088272265625 0.61790796484375 0.16743094140625 0.6086223359375 0.1751518359375 0.57618736328125 0.1620979453125 0.54372278515625 0.13209053125 0.54179491796875 0.114758296875 0.56586954296875
4 0.22205604296875 0.61562629296875 0.222801453125 0.64555090625 0.2451014296875 0.66290563671875 0.2693471328125 0.65301558203125 0.27897265625 0.644363984375 0.28360206640625 0.62830692578125 0.277475828125 0.5930149765625 0.26594640625 0.57787935546875 0.253637203125 0.5753432265625 0.23323439453125 0.59027976953125 0.22205604296875 0.61562629296875
4 0.20307386328125 0.7754679453125 0.208061796875 0.791385140625 0.2238210078125 0.809517609375 0.24306459765625 0.8007223046875 0.2757907890625 0.77130994921875 0.28429146875 0.726275484375 0.2689049609375 0.723105328125 0.2485088828125 0.7295378125 0.2065440546875 0.765552125 0.20307386328125 0.7754679453125
4 0.35163357421875 0.70824993359375 0.349315140625 0.72053241015625 0.36160343359375 0.74858453125 0.38353070703125 0.75097695703125 0.41856115234375 0.7262940703125 0.43127815625 0.7012645625 0.424757578125 0.67653013671875 0.4047551171875 0.6724089296875 0.38243423046875 0.68057019921875 0.35163357421875 0.70824993359375
4 0.504823421875 0.62497101953125 0.51134327734375 0.64970928515625 0.521334046875 0.6645278828125 0.55249394921875 0.66881856640625 0.561732578125 0.66221660546875 0.57945843359375 0.6275882890625 0.57640877734375 0.5929342109375 0.56256837109375 0.58157317578125 0.53641130859375 0.57618390234375 0.5221698359375 0.583884453125 0.50791490625 0.60859310546875 0.504823421875 0.62497101953125