4 1 0 0.00868571875 0 0.03465828515625 0.495636546875 0.06917623828125 0.98926628125 0.68486099609375 0.95340307421875 1 0.929523265625 1 0
5 0.55179994921875 0.39418183203125 0.53550246484375 0.38257832421875 0.53451876953125 0.3638063828125 0.54426579296875 0.34022772265625 0.54182715625 0.32363136328125 0.52283846484375 0.320551859375 0.50908884375 0.32762917578125 0.48704733984375 0.35611348828125 0.4814464609375 0.3689925625 0.4822114921875 0.38359165234375 0.4905788984375 0.3935662578125 0.506001921875 0.38848229296875 0.5191710703125 0.4002680234375 0.63435390625 0.5923131015625 0.64796018359375 0.61244061328125 0.6623656015625 0.617877921875 0.66392976953125 0.6177868125 0.6709855859375 0.60273216015625 0.6667641171875 0.5820540625 0.65850614453125 0.57416783984375 0.655849046875 0.55340254296875 0.6432262578125 0.55204305859375 0.62972921484375 0.53400001171875 0.63263908984375 0.52964885546875 0.6263824140625 0.53001330078125 0.60062458984375 0.48757878125 0.5965125546875 0.46898906640625 0.588473046875 0.46527177734375 0.58792648046875 0.45484162109375 0.5492181796875 0.40479421484375 0.55179994921875 0.39418183203125
4 0.49469823828125 0.5021161640625 0.48516987890625 0.52986766796875 0.49441175390625 0.5565297421875 0.51529230859375 0.56577153515625 0.5184206484375 0.5655893125 0.53227970703125 0.56060037109375 0.54169862890625 0.53076048828125 0.535475859375 0.5018317265625 0.5257629453125 0.4961210859375 0.49469823828125 0.5021161640625
4 0.53395310546875 0.5625937265625 0.544608296875 0.526405421875 0.540496265625 0.507815703125 0.52678075390625 0.48560372265625 0.51437663671875 0.4884170859375 0.50622789453125 0.48261533203125 0.50499162109375 0.48896375390625 0.49269694140625 0.49386549609375 0.48564112109375 0.50892014453125 0.48415227734375 0.5403889375 0.4963038203125 0.56269594140625 0.52322259375 0.56740435546875 0.52478676171875 0.56731324609375 0.53395310546875 0.5625937265625
4 0.3625769296875 0.46587724609375 0.3458423125 0.445931953125 0.3113211640625 0.44584803515625 0.30080931640625 0.4548315078125 0.2954268984375 0.471879515625 0.29550222265625 0.50325719921875 0.31423833984375 0.53145706640625 0.336355375 0.53435434765625 0.34261205078125 0.53398990234375 0.3502142265625 0.52936149609375 0.36298015234375 0.50351223828125 0.3625769296875 0.46587724609375
4 0.35032345703125 0.53144596484375 0.365671359375 0.494988234375 0.365705265625 0.4656950234375 0.35177108984375 0.4393101953125 0.30964776171875 0.4438546796875 0.2992451484375 0.45492262109375 0.29531766796875 0.469795046875 0.29171808984375 0.49092479296875 0.29561166015625 0.505345578125 0.3038696328125 0.513231796875 0.3060896015625 0.5256553125 0.32707958984375 0.53698548828125 0.33568251953125 0.53648437109375 0.35032345703125 0.53144596484375
4 0.399174703125 0.50558951171875 0.38920921875 0.52499923828125 0.39295923828125 0.56662094140625 0.4206432421875 0.585932359375 0.43315659375 0.58520346484375 0.45574466015625 0.56714931640625 0.45901634375 0.53976226171875 0.45402984765625 0.5044850703125 0.43136645703125 0.4911615390625 0.399174703125 0.50558951171875
4 0.4572674140625 0.50638731640625 0.43227482421875 0.47855580078125 0.3981910078125 0.4868175703125 0.38349890234375 0.53578993359375 0.389721671875 0.5647186953125 0.40143587890625 0.5786800078125 0.3985262109375 0.583035078125 0.40791122265625 0.58248841015625 0.4042492109375 0.59194765625 0.43683129296875 0.5954474921875 0.43850489453125 0.5974447578125 0.436503390625 0.58919017578125 0.4602185 0.5627031328125 0.4572674140625 0.50638731640625
4 0.53457499609375 0.6044015703125 0.51278586328125 0.6077616015625 0.496563703125 0.62753576953125 0.49474695703125 0.65274725 0.50020448828125 0.6670730078125 0.51337363671875 0.67885873828125 0.52197656640625 0.678357625 0.54421988671875 0.66869472265625 0.54916496875 0.6433010234375 0.54450637109375 0.61428114453125 0.53457499609375 0.6044015703125
4 0.5736451015625 0.63141307421875 0.566917390625 0.65272894921875 0.56520987890625 0.68002489453125 0.59354947265625 0.71184703125 0.60293448828125 0.71130036328125 0.62541332421875 0.69116174609375 0.63046783984375 0.667856421875 0.6294841484375 0.64908448046875 0.60907462890625 0.6188912578125 0.5736451015625 0.63141307421875
4 0.48325871484375 0.73291897265625 0.4782383125 0.7269349921875 0.46092301953125 0.72584884375 0.4500832734375 0.7285750078125 0.43106066796875 0.7547887109375 0.4289160234375 0.773742875 0.43793902734375 0.7962281953125 0.46260392578125 0.8178063046875 0.4751172734375 0.81707740625 0.4902123984375 0.8057361328125 0.50130492578125 0.777893515625 0.503121671875 0.75268203515625 0.5274586640625 0.7680028359375 0.542990921875 0.76500333984375 0.5503746328125 0.756206 0.556118859375 0.71612209375 0.5457501484375 0.6978968203125 0.51759510546875 0.6995368359375 0.511666328125 0.70615859375 0.50293711328125 0.719219890625 0.50133883203125 0.7486003046875 0.4891874921875 0.7262972109375 0.48325871484375 0.73291897265625
4 0.517485671875 0.69744845703125 0.5033742421875 0.727561671875 0.50781417578125 0.752408703125 0.5274586640625 0.7680028359375 0.5368436796875 0.7674561640625 0.54746496484375 0.7605610703125 0.55677465234375 0.72863671875 0.5541173515625 0.70786751171875 0.53760140234375 0.69209506640625 0.517485671875 0.69744845703125
4 0.5051836875 0.61239000390625 0.4967823671875 0.6317086171875 0.498312421875 0.6609068046875 0.5166114140625 0.68076489453125 0.52599642578125 0.6802182265625 0.54421988671875 0.66869472265625 0.54916496875 0.6433010234375 0.54628920703125 0.61836287890625 0.532901390625 0.60240430078125 0.5051836875 0.61239000390625
4 0.45454980859375 0.6341686328125 0.43636025390625 0.616398921875 0.405186109375 0.620305625 0.38940107421875 0.64842157421875 0.3930420703125 0.68796272265625 0.40420971484375 0.691493875 0.40955801953125 0.70373516796875 0.4192709296875 0.7094458125 0.43334844921875 0.70862580078125 0.44833433984375 0.69520005859375 0.45909896875 0.6611001328125 0.45454980859375 0.6341686328125
4 0.31064626953125 0.6425509140625 0.32905428515625 0.66448955859375 0.34011290625 0.66594015625 0.32770878515625 0.66875351953125 0.30555784375 0.69514944921875 0.30352243359375 0.71618808203125 0.30974519921875 0.74511684375 0.3371011015625 0.7581670390625 0.35117862109375 0.75734703515625 0.36012650390625 0.74845858203125 0.3662398359375 0.77529896484375 0.38130105078125 0.79325090234375 0.39246890234375 0.79678596484375 0.39559723828125 0.7966037421875 0.409346859375 0.789526421875 0.41640267578125 0.77447176953125 0.41767285546875 0.7388301328125 0.4057399765625 0.7206959765625 0.38675128515625 0.71761646875 0.34793375 0.66548459765625 0.36470226953125 0.65613667578125 0.3704125859375 0.64534598046875 0.3757194765625 0.59691637890625 0.368807 0.584766203125 0.351054578125 0.57533826953125 0.3156252578125 0.587864 0.30867887890625 0.60500703125 0.31064626953125 0.6425509140625
5 0.68209271875 0.75480992578125 0.69907990625 0.7496348515625 0.70155244921875 0.736938 0.695329890625 0.70801314453125 0.6869624765625 0.698038546875 0.67321285546875 0.70511586328125 0.66313813671875 0.72244112109375 0.60300980859375 0.74267804296875 0.59897309765625 0.755466 0.60755917578125 0.76961344921875 0.61381585546875 0.769249 0.67059697265625 0.745017546875 0.68209271875 0.75480992578125
5 0.59661448828125 0.38111334375 0.603089625 0.384917828125 0.60934630078125 0.3845533828125 0.61705791015625 0.38201335546875 0.6300425078125 0.36033694140625 0.69206269921875 0.34626231640625 0.6964273046875 0.3397316640625 0.691878140625 0.3128001640625 0.685402796875 0.30899176953125 0.67947401953125 0.31561353125 0.63913352734375 0.32423975 0.6280751171875 0.3227930625 0.61625146875 0.30674337109375 0.59267970703125 0.306025578125 0.587659296875 0.3000416015625 0.5908288515625 0.36052635546875 0.59661448828125 0.38111334375
5 0.92242816015625 0.7303485546875 0.9216631328125 0.71574946484375 0.909948921875 0.70178815234375 0.88906816015625 0.69254244140625 0.84097484765625 0.64304170703125 0.81973227734375 0.6568318984375 0.81602346484375 0.67587717578125 0.86499124609375 0.74206538671875 0.8600461640625 0.7674590859375 0.871869609375 0.78350486328125 0.8828187890625 0.78286708203125 0.91413628125 0.751755546875 0.92242816015625 0.7303485546875
5 0.675998484375 0.51875203515625 0.6791268203125 0.5185698125 0.69265798046875 0.5073235546875 0.69134638671875 0.48229430078125 0.69560155859375 0.4736752734375 0.8233095390625 0.36581376171875 0.82188871484375 0.3387000390625 0.81373997265625 0.33289828515625 0.77951280859375 0.368364890625 0.69374360546875 0.4382197734375 0.67653774609375 0.439222 0.6632591640625 0.425347890625 0.6431436328125 0.4307051875 0.6395440546875 0.45183493359375 0.66439350390625 0.5068751875 0.675998484375 0.51875203515625
5 0.8571970078125 0.6232675390625 0.8685833203125 0.6309715390625 0.87171165625 0.63078931640625 0.88804305078125 0.61309961328125 0.89622590625 0.58961206640625 0.8915673046875 0.56059219140625 0.88341856640625 0.55479043359375 0.87279727734375 0.56168553125 0.85671846484375 0.5542548671875 0.84991522265625 0.54418915625 0.76406318359375 0.4927022578125 0.7513311640625 0.4892583046875 0.74238348828125 0.49815066796875 0.73834677734375 0.51093862890625 0.74078520703125 0.527531078125 0.8528663046875 0.60050497265625 0.8571970078125 0.6232675390625
5 0.81471917578125 0.74080811328125 0.81373548046875 0.722036171875 0.78885212109375 0.69628912890625 0.717145421875 0.58539580078125 0.6968112265625 0.58658025390625 0.6895369453125 0.59746597265625 0.69030197265625 0.61206506640625 0.7624458046875 0.73130017578125 0.7623024609375 0.7585050078125 0.77569027734375 0.7744635859375 0.781946953125 0.774099140625 0.79860624609375 0.76266675390625 0.81471917578125 0.74080811328125
5 0.70474599609375 0.19907518359375 0.704383984375 0.222107171875 0.70951382421875 0.23017952734375 0.91719378515625 0.33105775390625 0.92388758984375 0.33903508984375 0.925089953125 0.361979875 0.9396046015625 0.36950165234375 0.94898961328125 0.36895498046875 0.96666671484375 0.34700523046875 0.9760856328125 0.31716534765625 0.97590108203125 0.283703203125 0.9692070703125 0.27572195703125 0.95960359765625 0.27209969140625 0.9399251953125 0.2857987734375 0.9052948125 0.2836303828125 0.9001651796875 0.2755619375 0.8408698984375 0.25181544140625 0.81475026953125 0.2324168203125 0.7620397734375 0.2145671015625 0.75523653125 0.20450138671875 0.72151451953125 0.18972726171875 0.70474599609375 0.19907518359375