5 0.5765492109375 0.59507586328125 0.56709953125 0.60363458203125 0.56257071875 0.6230893125 0.57179090625 0.6357451328125 0.77053946875 0.73911104296875 0.7776675390625 0.74558428125 0.77981429296875 0.76895784375 0.79243014453125 0.77827231640625 0.80827193359375 0.77765982421875 0.822703609375 0.752204609375 0.8261050859375 0.70387594921875 0.81880796875 0.6908209140625 0.767717203125 0.689414125 0.5765492109375 0.59507586328125
5 0.56893346484375 0.43390677734375 0.581603953125 0.46041223046875 0.558398109375 0.520749515625 0.5609966875 0.54667365625 0.58368376953125 0.55656562109375 0.6137946796875 0.478932625 0.637783953125 0.479293 0.643953734375 0.4634741015625 0.63931632421875 0.44855069921875 0.61481990234375 0.4284449375 0.58664571875 0.4157155703125 0.57510324609375 0.41808787890625 0.56893346484375 0.43390677734375
4 0.5943946640625 0.4313211875 0.6175335703125 0.44376372265625 0.6186069453125 0.4554505078125 0.6069500625 0.46843199609375 0.618094671875 0.480696265625 0.6358602109375 0.4796883828125 0.6443516015625 0.44883752734375 0.67139844921875 0.43269296484375 0.6742876484375 0.4096100546875 0.66591715625 0.3848682421875 0.64900130859375 0.37379012890625 0.62003071484375 0.39033007421875 0.61391557421875 0.423339953125 0.5943946640625 0.4313211875
5 0.27647016796875 0.476818046875 0.25904205078125 0.49098569140625 0.2377053125 0.533736609375 0.23792831640625 0.55750555859375 0.24816859765625 0.56466483984375 0.26916075390625 0.5537338125 0.50738418359375 0.778642125 0.5174554140625 0.77921961328125 0.52452884765625 0.76850187109375 0.5295101640625 0.751601546875 0.5234015078125 0.7396279375 0.29275865234375 0.5237472734375 0.2859140390625 0.51324664453125 0.2895385234375 0.4886869296875 0.27647016796875 0.476818046875
5 0.43059691796875 0.84602278125 0.42856457421875 0.81204003515625 0.41312064453125 0.79801595703125 0.39478751953125 0.80707478515625 0.372998953125 0.84727512890625 0.372770140625 0.86849349609375 0.3882140625 0.88251757421875 0.40745151953125 0.87856373046875 0.500707265625 0.97749216796875 0.548329890625 0.975274109375 0.5491690390625 0.97512720703125 0.43059691796875 0.84602278125
5 0.42207274609375 0.30268216796875 0.39791442578125 0.29574 0.3912928203125 0.3090083203125 0.3963820546875 0.326482296875 0.4427145078125 0.368558359375 0.4585569765625 0.36794969140625 0.46144550390625 0.34486295703125 0.45177281640625 0.32965272265625 0.5750926640625 0.086004828125 0.56864591796875 0.060867625 0.55173075390625 0.04979334375 0.5419969375 0.0623756171875 0.42207274609375 0.30268216796875
5 0.60953225390625 0.20726040625 0.5679939609375 0.27666034765625 0.56284359765625 0.28697887109375 0.56702850390625 0.2993478671875 0.58632059765625 0.31258500390625 0.67431873046875 0.18468496484375 0.705044703125 0.16117166015625 0.7209469453125 0.132762828125 0.71913828125 0.12255285546875 0.68095263671875 0.08144583984375 0.66748641796875 0.08421353125 0.6593935703125 0.100431640625 0.6689518515625 0.1262510546875 0.6334675703125 0.190433625 0.60953225390625 0.20726040625
5 0.7440008046875 0.3529433125 0.743319484375 0.3716072734375 0.757575625 0.38455375 0.7509956796875 0.50498002734375 0.76315902734375 0.51174009375 0.776908703125 0.504945015625 0.78382606640625 0.39767850390625 0.79955993359375 0.362691703125 0.79226349609375 0.3496405 0.76306921484375 0.342407671875 0.7440008046875 0.3529433125
4 0.60324634765625 0.65574233984375 0.5936276171875 0.65771926171875 0.575800953125 0.68651965234375 0.582247703125 0.7116568515625 0.59384413671875 0.72647169921875 0.61975783984375 0.726440515625 0.6341888359375 0.70098147265625 0.62729026171875 0.6732936953125 0.60324634765625 0.65574233984375
4 0.63755513671875 0.5005113671875 0.6125464453125 0.50565136328125 0.60479101171875 0.53502923828125 0.61746082421875 0.56153086328125 0.6281529296875 0.5712407265625 0.65655660546875 0.56275555078125 0.66476454296875 0.5359320859375 0.6544703046875 0.51158565234375 0.63755513671875 0.5005113671875
4 0.5838545390625 0.14109355859375 0.5746883125 0.145624890625 0.56172855859375 0.16813413671875 0.57043646875 0.20603571875 0.595499125 0.21808287109375 0.6076085078125 0.2076557890625 0.61864451953125 0.185541921875 0.6108416171875 0.15274915625 0.5838545390625 0.14109355859375