3 0.661913546875 0 0.68094094921875 0.03957121875 0.7459490625 0.03036729296875 0.81887094921875 0.05849573046875 0.88349974609375 0.11771126953125 0.9010254296875 0.09508583984375 0.90951127734375 0.0297939921875 0.90505307421875 0 0.661913546875 0
3 0.251788171875 0.85841847265625 0.272799875 0.83468916796875 0.2812857265625 0.76939732421875 0.27121159765625 0.7042919765625 0.23880391796875 0.69179156640625 0.21081938671875 0.71772487109375 0.11472083203125 0.68555023046875 0.10681087890625 0.64821665625 0.06865662890625 0.62615071484375 0.030211 0.65540055859375 0.01956098046875 0.69292062890625 0.0399967890625 0.77181675 0.0839931953125 0.786342125 0.11424131640625 0.77107328125 0.195261296875 0.80232803125 0.2136301015625 0.83635373828125 0.251788171875 0.85841847265625
3 0.391951890625 0.27336250390625 0.42106551953125 0.2527583046875 0.4272916015625 0.17680079296875 0.41599200390625 0.12346870703125 0.38706955859375 0.109860703125 0.35795514453125 0.130461171875 0.26882862890625 0.096078796875 0.2504606171875 0.06205682421875 0.21692226953125 0.04421984765625 0.174990625 0.07457355859375 0.16660036328125 0.1227593046875 0.1917484453125 0.1887820234375 0.228776640625 0.20551391796875 0.2694789921875 0.1869346875 0.3527633515625 0.22885762890625 0.391951890625 0.27336250390625
3 0.71875921484375 0.53411658203125 0.73515963671875 0.506160828125 0.7426111953125 0.418430046875 0.7184973984375 0.374846265625 0.662717265625 0.39250933984375 0.56897484375 0.35389799609375 0.56219476953125 0.3218972578125 0.522814265625 0.3116008515625 0.49256997265625 0.32686848828125 0.4725917734375 0.37303299609375 0.48850805859375 0.4305977734375 0.53702477734375 0.46645821875 0.5753709921875 0.4543156875 0.6644975078125 0.48869805859375 0.68748141796875 0.5269490078125 0.71875921484375 0.53411658203125
3 0 0.4461069140625 0.0128020234375 0.45033248046875 0.04305014453125 0.43506363671875 0.1321728359375 0.46944721875 0.1424389296875 0.50034409375 0.180597 0.52240882421875 0.20160949609375 0.4986832578125 0.2114171875 0.40451576953125 0.1965351953125 0.36938992578125 0.13501231640625 0.37748625390625 0.0424005703125 0.34421148046875 0.03562049609375 0.31221073828125 0 0.29161015625 0 0.4461069140625
3 0 0.25683960546875 0.03816780859375 0.27156183203125 0.09949872265625 0.29767398046875 0.1108946953125 0.3339036875 0.14443687109375 0.35173944921875 0.166578453125 0.333342984375 0.1763869375 0.2391792265625 0.1603742734375 0.1987168203125 0.136068515625 0.189341515625 0.096496046875 0.21325358203125 0.0062396484375 0.173538375 0.00058945703125 0.14687046875 0 0.146549453125 0 0.25683960546875
3 0.50627523828125 0.77783379296875 0.52841681640625 0.75943733203125 0.53822912890625 0.66527236328125 0.51411071875 0.62168606640625 0.42941196484375 0.625739921875 0.36807801171875 0.59963271875 0.3566820390625 0.56340301171875 0.31965766796875 0.54666990234375 0.27885590625 0.58235644921875 0.27169190234375 0.61877265625 0.3037156484375 0.69969001171875 0.3757004140625 0.688280875 0.46247079296875 0.7290999453125 0.47386676953125 0.76532965234375 0.50627523828125 0.77783379296875
3 0.41518267578125 0 0.40601729296875 0.041256046875 0.4173176796875 0.09459185546875 0.4369119453125 0.116844296875 0.5030499375 0.11297320703125 0.58294465625 0.13889764453125 0.60131266796875 0.1729196171875 0.6394669140625 0.1949855625 0.66274299609375 0.18192444921875 0.6714208125 0.08242412890625 0.6600248359375 0.04619441796875 0.63458841015625 0.031482546875 0.59152609375 0.0564996953125 0.50126969140625 0.01678448828125 0.49599016796875 0 0.41518267578125 0
3 0.91617003125 0.2894857265625 0.9371863515625 0.26575894140625 0.94576778515625 0.18336099609375 0.93211205078125 0.13646561328125 0.90780550390625 0.127086578125 0.8786880546875 0.14769198828125 0.777977421875 0.11128716796875 0.77119734765625 0.07928642578125 0.73303927734375 0.05722169921875 0.6945966875 0.0864666015625 0.68272041015625 0.13575620703125 0.7089991640625 0.2071154921875 0.74140683984375 0.21961590625 0.7890850546875 0.1988277265625 0.8712357109375 0.2354190390625 0.88263168359375 0.27164875390625 0.91617003125 0.2894857265625
3 0.74333219921875 0.70276844921875 0.76896362890625 0.68326690625 0.77877211328125 0.5891031484375 0.75465753125 0.545515640625 0.7023634140625 0.5620748515625 0.5532286171875 0.47270842578125 0.50762281640625 0.538373265625 0.5396465625 0.61929062109375 0.5685690078125 0.632898625 0.61388726171875 0.61854836328125 0.694911859375 0.6498056328125 0.71440975 0.6891604453125 0.74333219921875 0.70276844921875
3 0.53894934765625 0.9496070390625 0.5658032109375 0.91833716796875 0.57325937890625 0.83060890234375 0.5629932890625 0.79971202734375 0.456340296875 0.787951359375 0.354687921875 0.71200644140625 0.319732140625 0.7401512109375 0.30672215625 0.78410919921875 0.3202823046875 0.8481106796875 0.3398765703125 0.8703631171875 0.36880205859375 0.8839661796875 0.400272609375 0.85692901171875 0.43155040234375 0.8640965859375 0.49863092578125 0.8997693203125 0.505411 0.93177006640625 0.53894934765625 0.9496070390625
3 0.898046546875 0.62532026171875 0.8484925 0.5670258203125 0.79846196875 0.59424948828125 0.7878119453125 0.6317695625 0.815219796875 0.708457953125 0.896436359375 0.70550674609375 0.9774571328125 0.7367652265625 0.98057451953125 0.74710915234375 0.982882484375 0.64794959765625 0.9779366484375 0.6512421796875 0.898046546875 0.62532026171875
3 0.46662829296875 0.6082645546875 0.495838296875 0.570557984375 0.50206820703125 0.49459925390625 0.490672234375 0.458369546875 0.38627979296875 0.45727828125 0.2834975390625 0.3760005234375 0.26258142578125 0.3826237265625 0.2344011015625 0.44276671484375 0.2640695 0.53012450390625 0.3279515546875 0.51558653125 0.42979589453125 0.55732297265625 0.43657596875 0.58932371484375 0.46662829296875 0.6082645546875
3 0.29926980859375 0.87183625 0.22379981640625 0.884352984375 0.1451351796875 0.8466578046875 0.13948498828125 0.8199898984375 0.1013307421875 0.797923953125 0.05694737109375 0.85182046875 0.07964294140625 0.94138226171875 0.11553742578125 0.95278253125 0.14003976953125 0.92795188671875 0.24301015625 0.975022375 0.24352465234375 0.97665803125 0.312578875 0.9706165703125 0.3187684921875 0.9111947890625 0.29926980859375 0.87183625
3 0.43508406640625 0.4418241484375 0.4560965546875 0.418098578125 0.46581169921875 0.34103225390625 0.4510222578125 0.28880524609375 0.34663364453125 0.28771276953125 0.2484672890625 0.210663984375 0.21586685546875 0.2323683203125 0.1993708515625 0.277430171875 0.2244233515625 0.36055899609375 0.2649375625 0.3761870234375 0.29405118359375 0.355582828125 0.37507578515625 0.38684009375 0.43508406640625 0.4418241484375
3 0.675627046875 0.3656549375 0.70022497265625 0.3237181875 0.7064510625 0.24776066796875 0.69156906640625 0.21263482421875 0.66264279296875 0.19902803515625 0.6335283828125 0.21962850390625 0.53629994140625 0.18212102734375 0.51331603125 0.143870078125 0.48552425390625 0.135598640625 0.454053703125 0.16263580859375 0.4434036796875 0.20015588671875 0.4684561796875 0.283284703125 0.4973778359375 0.29688898046875 0.54156620703125 0.2772058828125 0.61561876953125 0.3106708828125 0.643218578125 0.353150796875 0.675627046875 0.3656549375
3 0.9558200078125 0.4590500234375 0.97334648046875 0.43642831640625 0.98192870703125 0.3540341015625 0.96365628515625 0.3029060234375 0.94283575390625 0.2924231171875 0.90326024609375 0.31634012890625 0.83034139453125 0.28820675 0.80735748046875 0.24995580078125 0.76919941015625 0.22789107421875 0.72491544921875 0.2646802734375 0.718881328125 0.30642931640625 0.7440294140625 0.37245203515625 0.8506816171875 0.38420897265625 0.90390982421875 0.40719228515625 0.91879260546875 0.44232185546875 0.9558200078125 0.4590500234375
3 0.84803792578125 0.44196025 0.83777183203125 0.41106337890625 0.79377159765625 0.39653921484375 0.765787859375 0.42247624609375 0.75391158203125 0.471765859375 0.76643743359375 0.51332840234375 0.80336621484375 0.547167609375 0.8567902109375 0.53594123828125 0.9481726640625 0.5809904921875 0.95382285546875 0.6076583984375 0.9833865859375 0.62629129296875 0.98699940625 0.47106978515625 0.941776515625 0.48057280078125 0.84803792578125 0.44196025
3 0.74944000390625 0.854496984375 0.78995038671875 0.8701262265625 0.8111578828125 0.81218723828125 0.80353626953125 0.72354281640625 0.65637368359375 0.69615663671875 0.62876925390625 0.65367420703125 0.592874765625 0.64227393359375 0.55904887109375 0.67575153515625 0.55188486328125 0.7121677421875 0.56780115234375 0.7697325234375 0.59088144140625 0.79088109765625 0.6454314921875 0.78498876953125 0.73804402734375 0.81826727734375 0.74944000390625 0.854496984375