4 0.457408671875 0.23668953515625 0.46423291015625 0.259315890625 0.4913612109375 0.28177454296875 0.516318765625 0.2746980546875 0.5230577734375 0.263297140625 0.5183983203125 0.2297875234375 0.4999360390625 0.204218109375 0.473613171875 0.1986887578125 0.458207234375 0.2131965390625 0.457408671875 0.23668953515625
4 0.5722434453125 0.57683948046875 0.61076424609375 0.5809884296875 0.62528638671875 0.555946375 0.6106730546875 0.50654275390625 0.5890820234375 0.48770958203125 0.560673625 0.4866723515625 0.54398669921875 0.52259767578125 0.55619059375 0.5616356796875 0.5722434453125 0.57683948046875
4 0.373708125 0.09298956640625 0.38174005859375 0.14100793359375 0.390169203125 0.15707448828125 0.40373335546875 0.16830381640625 0.41834072265625 0.1772890234375 0.43053865234375 0.17590862109375 0.45372680859375 0.14775580859375 0.44312601171875 0.1021502265625 0.4216151484375 0.076929796875 0.39119958203125 0.0739896640625 0.373708125 0.09298956640625
5 0.465230203125 0.32515478125 0.4386626875 0.2983765546875 0.40759423828125 0.22530642578125 0.38785186328125 0.2211584375 0.3780633671875 0.232904453125 0.38336286328125 0.255703359375 0.4090525546875 0.31236571875 0.40889403515625 0.325148 0.40167259765625 0.33447345703125 0.40456355859375 0.34691063671875 0.41403501171875 0.36072918359375 0.42968559375 0.36747027734375 0.46130198828125 0.35538012890625 0.47012743359375 0.3394909765625 0.465230203125 0.32515478125
5 0.1988215390625 0.485072890625 0.183574125 0.48679839453125 0.17105915625 0.51374335546875 0.1074222890625 0.529453171875 0.10477597265625 0.53826487109375 0.1116002109375 0.5608912265625 0.13070254296875 0.575749921875 0.19177145703125 0.5624567734375 0.209909828125 0.57316844921875 0.226681984375 0.57127040234375 0.22940846484375 0.556071453125 0.21037942578125 0.494403203125 0.1988215390625 0.485072890625
5 0.18287767578125 0.133731765625 0.1267119609375 0.2017795234375 0.1105014921875 0.199361890625 0.09662030078125 0.21369712109375 0.1105074609375 0.23978030078125 0.14606490625 0.2783055078125 0.15521335546875 0.277270203125 0.15938440625 0.2682859609375 0.16387340625 0.2337410390625 0.21081051171875 0.17311583984375 0.198045828125 0.13839740234375 0.18287767578125 0.133731765625
5 0.474593578125 0.67511454296875 0.46544512890625 0.67614983984375 0.4003687421875 0.7260594765625 0.3592007265625 0.73071833203125 0.3620124296875 0.74954665234375 0.3888236953125 0.79756987109375 0.4069620703125 0.808281546875 0.417153734375 0.80500212890625 0.4221242578125 0.77252877734375 0.4887244765625 0.722442703125 0.49241491015625 0.71139077734375 0.4810948046875 0.68288704296875 0.474593578125 0.67511454296875
5 0.2772531171875 0.13581593359375 0.27245991796875 0.2767661171875 0.255772984375 0.3126914375 0.25962790234375 0.329275640625 0.27166731640625 0.34067751953125 0.30858411328125 0.35139016015625 0.32696026953125 0.342928421875 0.313310890625 0.2976718203125 0.31337134765625 0.17002156640625 0.3065462109375 0.147391328125 0.29803780859375 0.13771591796875 0.2772531171875 0.13581593359375
5 0.29691814453125 0.6782010625 0.27556580078125 0.64019835546875 0.26304396484375 0.6267210234375 0.23928905078125 0.61877500390625 0.2269326015625 0.63293768359375 0.224932296875 0.67145707421875 0.19363800390625 0.69839718359375 0.18120229296875 0.7189510078125 0.18505720703125 0.73553520703125 0.20054837109375 0.7550546953125 0.22029074609375 0.75920268359375 0.2583240546875 0.72086165625 0.29331384375 0.72328414453125 0.303584765625 0.7136135859375 0.29691814453125 0.6782010625
5 0.5941634453125 0.65094491015625 0.5842095625 0.63505091015625 0.5665536171875 0.6264146875 0.52179323046875 0.75699344140625 0.5129686875 0.7728864765625 0.4961965390625 0.77478453125 0.49298853125 0.78791191015625 0.5014167734375 0.80397457421875 0.53255851171875 0.83023515234375 0.55174010546875 0.8387027109375 0.5644988203125 0.83300273828125 0.56047941796875 0.78878240625 0.5969751484375 0.66977323046875 0.5941634453125 0.65094491015625
5 0.50924752734375 0.58184246875 0.51293705078125 0.57078665625 0.5036241171875 0.54418583203125 0.4955972421875 0.53658198828125 0.486448796875 0.5376172890625 0.37106281640625 0.63364337890625 0.36087205859375 0.63692668359375 0.34827095703125 0.6298404921875 0.3324627578125 0.63588556640625 0.33471367578125 0.65903345703125 0.36007945703125 0.7008380859375 0.37564987890625 0.71396643359375 0.38736628125 0.71051446484375 0.39306207421875 0.70135766796875 0.393861546875 0.67786855859375 0.50924752734375 0.58184246875
5 0.3229656328125 0.46038561328125 0.3297907734375 0.4830158515625 0.34134866015625 0.49234616015625 0.4502453359375 0.4693843828125 0.51901721875 0.44883734765625 0.53642941796875 0.43622858203125 0.556733484375 0.4360608828125 0.573267859375 0.45333625 0.58851526953125 0.45161074609375 0.573175765625 0.3788866875 0.56426509375 0.36074856640625 0.55318963671875 0.3534937109375 0.53946696484375 0.3550466640625 0.5355387578125 0.3852720078125 0.360840421875 0.4348268671875 0.35313148828125 0.40166234765625 0.34165286328125 0.3859408984375 0.12689615234375 0.35067865234375 0.10972082421875 0.344110109375 0.09832236328125 0.32200140234375 0.06838832421875 0.32113283203125 0.0611668828125 0.33045829296875 0.062295328125 0.3622414453125 0.0689619453125 0.39765396484375 0.0803613125 0.41976655859375 0.11125840234375 0.42477826171875 0.118076671875 0.40698620703125 0.12979308203125 0.40353423828125 0.33090637890625 0.433958296875 0.33491981640625 0.43776021875 0.32521058203125 0.44311509375 0.3229656328125 0.46038561328125