4 0.49618788671875 0.21245845703125 0.4890527421875 0.19506251953125 0.47688915625 0.18546806640625 0.4627382265625 0.1860688515625 0.4446122890625 0.20706788671875 0.4443071953125 0.252819140625 0.4557914453125 0.27899278125 0.4605649921875 0.27741189453125 0.45448327734375 0.27261272265625 0.45630090625 0.2665593671875 0.4763638359375 0.27489962890625 0.495882796875 0.2582097109375 0.49618788671875 0.21245845703125
4 0.47322481640625 0.543034859375 0.47319031640625 0.50557125390625 0.4508506484375 0.47618321875 0.4145644296875 0.4807138046875 0.40425297265625 0.50252959375 0.4012465390625 0.5375955546875 0.4281900390625 0.56954458203125 0.46135046484375 0.564687296875 0.47322481640625 0.543034859375
4 0.56033027734375 0.1409920546875 0.56173915625 0.06830302734375 0.5410083984375 0.05509730078125 0.50767741796875 0.0589456328125 0.49575789453125 0.069729953125 0.4983583671875 0.15948821484375 0.52734755078125 0.16363409765625 0.54334262890625 0.17251691796875 0.554877390625 0.15915212890625 0.56033027734375 0.1409920546875
5 0.85925494140625 0.20045878125 0.8534279609375 0.1894428984375 0.75734290625 0.1211304921875 0.74458499609375 0.12604039453125 0.7454685546875 0.1427829296875 0.81359133984375 0.20400926171875 0.82828623828125 0.2284386640625 0.8407045546875 0.23181640625 0.85553482421875 0.2146364375 0.85925494140625 0.20045878125
5 0.70180050390625 0.71052174609375 0.647099109375 0.7048044765625 0.58906755078125 0.66544266796875 0.5750014765625 0.66397251171875 0.57571531640625 0.6848569296875 0.6539795234375 0.728417125 0.662932296875 0.739759703125 0.6596712890625 0.78103848828125 0.6671460234375 0.7901467734375 0.6830297265625 0.7855635703125 0.70450169140625 0.72121092578125 0.70180050390625 0.71052174609375
5 0.705196890625 0.62763359375 0.6664640546875 0.6152621796875 0.536844484375 0.52263110546875 0.52581934375 0.52355858984375 0.52826580078125 0.54046448046875 0.65484459375 0.6306940234375 0.66987908203125 0.6468357734375 0.68431940625 0.67747799609375 0.692133890625 0.67829474609375 0.70037282421875 0.66875291015625 0.70937611328125 0.6405570625 0.705196890625 0.62763359375
5 0.58036408984375 0.264959703125 0.58379497265625 0.21953515234375 0.57015351171875 0.20770251953125 0.5592132265625 0.20655906640625 0.55426980859375 0.21228572265625 0.5387098359375 0.28557942578125 0.51910601953125 0.30434028125 0.5212128828125 0.32953381640625 0.53320659375 0.3432740390625 0.5658575546875 0.35085016796875 0.58068782421875 0.333670203125 0.5811972890625 0.32123678125 0.57102120703125 0.301443203125 0.58036408984375 0.264959703125
5 0.90164430859375 0.5066490078125 0.845549734375 0.4966265078125 0.82468810546875 0.46947276171875 0.81210007421875 0.4702368984375 0.798323234375 0.50001363671875 0.79696471484375 0.53316812109375 0.80418471484375 0.5484931171875 0.8275433125 0.55301431640625 0.83595212109375 0.53932671484375 0.8966503671875 0.55191409375 0.911141046875 0.5430217734375 0.91389275 0.5141725234375 0.90164430859375 0.5066490078125
5 0.5523408671875 0.757333875 0.5464288671875 0.74839282421875 0.47346353125 0.6138201796875 0.46564905078125 0.61300342578125 0.45905787109375 0.62063767578125 0.45673077734375 0.63912444921875 0.48933137890625 0.686235125 0.51977476171875 0.74768680859375 0.5231897890625 0.77926040234375 0.5157493984375 0.8076196015625 0.52296955859375 0.8229407109375 0.5339098359375 0.82408416796875 0.5680043359375 0.79643098828125 0.579793671875 0.77685337109375 0.57413640625 0.761695609375 0.5523408671875 0.757333875
5 0.82042665234375 0.650084015625 0.815279015625 0.622488953125 0.80189212109375 0.6044434921875 0.78617829296875 0.6048809296875 0.77316565234375 0.61600754296875 0.75757118359375 0.65183763671875 0.75456475 0.68690359765625 0.77897678125 0.7040215703125 0.80005863671875 0.687495 0.8110837734375 0.68656751171875 0.85209334375 0.7199866953125 0.87258071875 0.71796837109375 0.87351479296875 0.6951724765625 0.82042665234375 0.650084015625
5 0.45361820703125 0.3703358203125 0.4527346484375 0.35359328515625 0.44682265234375 0.34465223046875 0.42798303515625 0.34476296875 0.41974394140625 0.3543086875 0.41736648828125 0.41233001171875 0.44072492578125 0.41685509375 0.4507816484375 0.40125601171875 0.4820395859375 0.40452302734375 0.67473501953125 0.45171627734375 0.68593002734375 0.44664301953125 0.684791578125 0.43612108203125 0.67575394921875 0.42684944140625 0.46274085546875 0.3775326328125 0.45361820703125 0.3703358203125
5 0.69956886328125 0.267011875 0.67044950390625 0.1349421015625 0.6615815859375 0.12152858203125 0.6408394765625 0.1297636171875 0.63669475 0.15430375 0.65993645703125 0.31489995703125 0.6657636015625 0.32591194921875 0.70023219140625 0.32743472265625 0.71810339453125 0.312652390625 0.72034547265625 0.2962404453125 0.69956886328125 0.267011875
5 0.92347172265625 0.35701056640625 0.91866366796875 0.3211278515625 0.906839671875 0.30324574609375 0.88010071484375 0.304610671875 0.87447794921875 0.32691651171875 0.8648458359375 0.3321531171875 0.6512225625 0.3743388125 0.6472475546875 0.3947370625 0.67052129296875 0.401329203125 0.7130591015625 0.39745201953125 0.8096694765625 0.3763328671875 0.8647954765625 0.37168766015625 0.88650616015625 0.3781203359375 0.89651236328125 0.40205968359375 0.90736778515625 0.405274078125 0.91881753125 0.3939841171875 0.92347172265625 0.35701056640625