4 0.49375 0.50625 0.46875 0.50208203125 0.4484375 0.52083203125 0.446875 0.55 0.4609375 0.57291796875 0.484375 0.575 0.5015625 0.55833203125 0.503125 0.52083203125 0.49375 0.50625
4 0.396875 0.73125 0.3859375 0.7375 0.3875 0.775 0.446875 0.7875 0.4609375 0.78125 0.4640625 0.74791796875 0.459375 0.74166796875 0.396875 0.73125
4 0.265625 0.54166796875 0.25625 0.52916796875 0.2421875 0.525 0.221875 0.53333203125 0.209375 0.5625 0.2171875 0.59375 0.2375 0.60625 0.2609375 0.59791796875 0.271875 0.575 0.265625 0.54166796875
4 0.3078125 0.64166796875 0.26875 0.6375 0.259375 0.66875 0.2640625 0.67916796875 0.296875 0.69583203125 0.328125 0.7 0.3390625 0.69166796875 0.3375 0.65625 0.3078125 0.64166796875
4 0.5671875 0.66041796875 0.55 0.65833203125 0.5390625 0.67708203125 0.540625 0.70208203125 0.6 0.72916796875 0.6140625 0.725 0.6171875 0.68958203125 0.6109375 0.68125 0.5671875 0.66041796875
4 0.3515625 0.475 0.3421875 0.47291796875 0.3265625 0.49583203125 0.3265625 0.51041796875 0.3734375 0.56041796875 0.3921875 0.56458203125 0.4015625 0.54166796875 0.3984375 0.52291796875 0.3515625 0.475
4 0.2140625 0.3625 0.2046875 0.35833203125 0.178125 0.35625 0.159375 0.375 0.159375 0.40416796875 0.171875 0.43125 0.2015625 0.43541796875 0.2203125 0.40625 0.21875 0.37291796875 0.2140625 0.3625
4 0.3359375 0.37708203125 0.334375 0.36041796875 0.3265625 0.35 0.3046875 0.33541796875 0.2796875 0.34791796875 0.2734375 0.37708203125 0.2796875 0.40416796875 0.296875 0.42291796875 0.309375 0.42291796875 0.3234375 0.41041796875 0.3359375 0.37708203125
4 0.3546875 0.23541796875 0.328125 0.2 0.3109375 0.1875 0.2921875 0.20208203125 0.284375 0.21666796875 0.2859375 0.22708203125 0.3203125 0.27083203125 0.3390625 0.28125 0.3546875 0.28125 0.3546875 0.23541796875
4 0.4859375 0.30833203125 0.45625 0.27708203125 0.434375 0.275 0.4171875 0.3 0.4171875 0.3125 0.4421875 0.34583203125 0.4625 0.35833203125 0.4828125 0.35833203125 0.49375 0.33541796875 0.4859375 0.30833203125
4 0.615625 0.47083203125 0.625 0.4375 0.6140625 0.4 0.60625 0.39166796875 0.575 0.38958203125 0.5625 0.40208203125 0.5515625 0.425 0.5515625 0.44166796875 0.5609375 0.46875 0.5734375 0.47916796875 0.6 0.47916796875 0.615625 0.47083203125