5 0.765625 0.82916796875 0.771875 0.81875 0.771875 0.80625 0.765625 0.79791796875 0.8015625 0.72291796875 0.8015625 0.70833203125 0.7859375 0.69583203125 0.778125 0.69583203125 0.75 0.75208203125 0.7359375 0.7625 0.7421875 0.76666796875 0.7390625 0.77083203125 0.7203125 0.77083203125 0.725 0.80208203125 0.7484375 0.82708203125 0.765625 0.82916796875
5 0.60625 0.41041796875 0.603125 0.39583203125 0.5796875 0.37083203125 0.565625 0.30208203125 0.553125 0.29375 0.5484375 0.29375 0.534375 0.31041796875 0.540625 0.39375 0.5296875 0.4125 0.5296875 0.425 0.54375 0.44375 0.565625 0.44583203125 0.590625 0.4375 0.60625 0.41041796875
5 0.603125 0.73125 0.6046875 0.74583203125 0.6203125 0.75625 0.628125 0.75 0.6859375 0.59166796875 0.6875 0.55416796875 0.715625 0.55625 0.7265625 0.5375 0.7203125 0.525 0.7 0.51041796875 0.6703125 0.5 0.66875 0.49791796875 0.6578125 0.52083203125 0.66875 0.5375 0.675 0.53541796875 0.6828125 0.54375 0.6640625 0.5875 0.659375 0.59375 0.653125 0.58958203125 0.603125 0.73125
5 0.8234375 0.45416796875 0.8203125 0.47291796875 0.8328125 0.475 0.8390625 0.46458203125 0.834375 0.26458203125 0.846875 0.25416796875 0.8578125 0.26875 0.8578125 0.32083203125 0.853125 0.3375 0.8515625 0.36458203125 0.85 0.425 0.8453125 0.42708203125 0.859375 0.44375 0.865625 0.44375 0.8703125 0.43333203125 0.8796875 0.24583203125 0.9 0.21458203125 0.8953125 0.19583203125 0.878125 0.19375 0.8765625 0.19166796875 0.8453125 0.2 0.840625 0.22083203125 0.8109375 0.22083203125 0.796875 0.22916796875 0.796875 0.25416796875 0.8109375 0.25833203125 0.815625 0.28125 0.8234375 0.45416796875
5 0.6953125 0.3875 0.73125 0.38333203125 0.7375 0.375 0.7375 0.36041796875 0.7328125 0.34583203125 0.7234375 0.3375 0.715625 0.22916796875 0.703125 0.22083203125 0.6875 0.23125 0.6890625 0.3125 0.6875 0.32291796875 0.68125 0.325 0.66875 0.3125 0.64375 0.21458203125 0.63125 0.20625 0.6296875 0.20625 0.6171875 0.21666796875 0.615625 0.25416796875 0.63125 0.32083203125 0.6328125 0.36458203125 0.640625 0.37083203125 0.665625 0.3625 0.675 0.37708203125 0.6953125 0.3875
5 0.071875 0.71458203125 0.0734375 0.75416796875 0.0890625 0.78333203125 0.09375 0.8125 0.1203125 0.8125 0.1296875 0.84375 0.146875 0.84791796875 0.153125 0.83541796875 0.1484375 0.675 0.1546875 0.64166796875 0.16875 0.6375 0.1546875 0.63125 0.1109375 0.6375 0.1109375 0.65625 0.121875 0.66875 0.125 0.6875 0.1265625 0.7875 0.121875 0.79375 0.115625 0.78541796875 0.0828125 0.66875 0.06875 0.65416796875 0.0828125 0.625 0.0765625 0.60416796875 0.0640625 0.60416796875 0.03125 0.62083203125 0.025 0.62916796875 0.0265625 0.63958203125 0.04375 0.66041796875 0.05 0.65416796875 0.0578125 0.66875 0.0578125 0.68125 0.071875 0.71458203125
5 0.1625 0.52291796875 0.184375 0.51666796875 0.1796875 0.5 0.1796875 0.4375 0.184375 0.40416796875 0.1875 0.24791796875 0.1953125 0.225 0.19375 0.20416796875 0.2 0.19375 0.196875 0.15416796875 0.203125 0.13958203125 0.215625 0.14166796875 0.225 0.12291796875 0.225 0.11041796875 0.2171875 0.1 0.1921875 0.09375 0.18203125 0.09375 0.165625 0.09583203125 0.1546875 0.11875 0.15625 0.12916796875 0.16875 0.13958203125 0.1703125 0.20416796875 0.15 0.49791796875 0.1515625 0.51666796875 0.1625 0.52291796875
5 0.2265625 0.52083203125 0.2734375 0.20833203125 0.275 0.15 0.28125 0.14583203125 0.3 0.15625 0.3125 0.1375 0.3078125 0.11666796875 0.2703125 0.09791796875 0.2609375 0.09791796875 0.2484375 0.1 0.240625 0.12291796875 0.253125 0.15208203125 0.240625 0.26458203125 0.2 0.50416796875 0.2 0.51875 0.2125 0.525 0.2265625 0.52083203125
5 0.375 0.68333203125 0.409375 0.67291796875 0.421875 0.65416796875 0.4171875 0.6375 0.4 0.63333203125 0.396875 0.62708203125 0.3640625 0.36458203125 0.359375 0.34166796875 0.3515625 0.33541796875 0.3390625 0.33541796875 0.328125 0.34375 0.3265625 0.36875 0.3609375 0.625 0.3609375 0.6375 0.3453125 0.65833203125 0.3453125 0.66875 0.353125 0.68333203125 0.375 0.68333203125
5 0.446875 0.64583203125 0.4546875 0.6625 0.471875 0.66458203125 0.49375 0.69166796875 0.5203125 0.68958203125 0.5234375 0.65 0.5078125 0.44375 0.5078125 0.38541796875 0.5203125 0.37291796875 0.521875 0.35208203125 0.509375 0.3375 0.45625 0.34166796875 0.45 0.32083203125 0.4390625 0.31458203125 0.4328125 0.31458203125 0.3859375 0.32708203125 0.378125 0.3375 0.378125 0.34791796875 0.3828125 0.36458203125 0.4046875 0.38541796875 0.403125 0.39583203125 0.4125 0.42291796875 0.446875 0.64583203125
5 0.259375 0.79791796875 0.2984375 0.73958203125 0.3109375 0.71041796875 0.3265625 0.71041796875 0.3265625 0.7 0.3109375 0.67708203125 0.2875 0.65833203125 0.271875 0.675 0.2765625 0.7 0.2734375 0.71666796875 0.2296875 0.78125 0.23125 0.79375 0.2390625 0.80208203125 0.259375 0.79791796875