5 0.76748003125 0.23766070703125 0.76093253125 0.2414214609375 0.7741685546875 0.252720484375 0.79796458203125 0.310669671875 0.80575527734375 0.31116943359375 0.82228121484375 0.29969116015625 0.8233833828125 0.28513113671875 0.7932134921875 0.2079655 0.80007564453125 0.200048078125 0.80102019921875 0.1875702890625 0.79557486328125 0.1767710234375 0.77827771875 0.1777537890625 0.75301653515625 0.20121009375 0.7459807421875 0.23210471875 0.76467841015625 0.23330413671875 0.76748003125 0.23766070703125
5 0.52881081640625 0.57760598828125 0.53830096484375 0.59702233984375 0.52577151171875 0.67980650390625 0.53853526171875 0.697344421875 0.5432096796875 0.69764427734375 0.556304390625 0.69012666015625 0.5755226640625 0.622398375 0.60078384375 0.5989420703125 0.60500229296875 0.58458194921875 0.591467328125 0.55654851953125 0.5671667109375 0.54663206640625 0.54519544140625 0.54731107421875 0.52975536328125 0.56512819921875 0.52881081640625 0.57760598828125
5 0.6830058984375 0.4642019140625 0.67693066796875 0.46172377734375 0.66476419921875 0.47766246875 0.67393969140625 0.50123548046875 0.67565516015625 0.49925709765625 0.70604701953125 0.49075672265625 0.72740469921875 0.47749997265625 0.7345818046875 0.46542198828125 0.72509165625 0.44600563671875 0.69688783203125 0.44628484375 0.69816333984375 0.408751515625 0.65247640234375 0.24700258984375 0.64515798046875 0.2402639375 0.62878937109375 0.24966387890625 0.62612935546875 0.264120046875 0.6652848046875 0.40873476171875 0.6718323125 0.4049740078125 0.67603444921875 0.4115127578125 0.69142619140625 0.4563844453125 0.6830058984375 0.4642019140625
5 0.79479261328125 0.7869247109375 0.82439725 0.78882379296875 0.827497515625 0.8099186640625 0.85803069140625 0.82023492578125 0.85974616015625 0.818256546875 0.8770430078125 0.81727768359375 0.88313425 0.7988608515625 0.8652398203125 0.76636700390625 0.87005923046875 0.57860042578125 0.8661720390625 0.56790111328125 0.859939484375 0.56750130859375 0.844656734375 0.58324009765625 0.849173828125 0.58561828515625 0.84616654296875 0.64602885546875 0.8456782578125 0.6731627265625 0.84909317578125 0.69010093359375 0.8451576484375 0.7420904296875 0.83314880078125 0.755946890625 0.8214706171875 0.74475171484375 0.84125783203125 0.54540691796875 0.8358125 0.53460765234375 0.82319005859375 0.535886375 0.824889515625 0.5548029609375 0.80403244921875 0.7269139453125 0.79762626171875 0.74949133984375 0.783288359375 0.7527484375 0.78139926171875 0.77770401953125 0.79479261328125 0.7869247109375
5 0.62316304296875 0.6756079453125 0.6025442578125 0.741154046875 0.60126874609375 0.77868737109375 0.6129466328125 0.7898864453125 0.6145047734375 0.78998639453125 0.627599484375 0.78246877734375 0.6599287734375 0.68632401171875 0.6733384375 0.6746458359375 0.6794136640625 0.67712397265625 0.68018458203125 0.6876233828125 0.6724868671875 0.76862907421875 0.68728103515625 0.780028046875 0.7003760390625 0.77250653515625 0.716352734375 0.66486673828125 0.72633116796875 0.65714921875 0.73210775390625 0.64288905078125 0.7332096328125 0.6283329296875 0.7276066796875 0.61961589453125 0.69208443359375 0.61315644140625 0.67104140625 0.62225653125 0.6605906953125 0.6362129453125 0.63629007421875 0.6262964921875 0.628027109375 0.63203562890625 0.62316304296875 0.6756079453125
5 0.0442493359375 0.3187429921875 0.04190426953125 0.32903859765625 0.0475069296875 0.33775953125 0.078968640625 0.35649296875 0.09143375 0.35729258203125 0.09924045703125 0.33689737109375 0.08742125390625 0.3068816640625 0.10254637890625 0.29322510546875 0.1440831875 0.17886340625 0.15094534765625 0.17094598828125 0.1551474921875 0.177484734375 0.146032953125 0.27720711328125 0.1414998515625 0.29572389453125 0.12964833203125 0.3075020234375 0.12823150390625 0.3262187109375 0.1713871171875 0.33525625 0.18588264453125 0.329916921875 0.17217433984375 0.32485679296875 0.168460484375 0.2911841796875 0.18525671875 0.13135108203125 0.17996871484375 0.11847348828125 0.16251423828125 0.12153458203125 0.15080403515625 0.15212934765625 0.124315671875 0.150430171875 0.11743720703125 0.1792464609375 0.0996520703125 0.2073591875 0.09510266015625 0.24677483984375 0.0785607109375 0.2791480859375 0.07761616015625 0.29162587890625 0.0687235859375 0.3056822421875 0.06296330859375 0.29904354296875 0.0442493359375 0.3187429921875
5 0.1350059453125 0.836546171875 0.13266058203125 0.8468456796875 0.14183578515625 0.87042258984375 0.1580389140625 0.8735504140625 0.16816681640625 0.8742001015625 0.1935693125 0.8695604296875 0.20214723046875 0.85966073046875 0.20309178125 0.84718294140625 0.19515976953125 0.82786654296875 0.1825370390625 0.8291491640625 0.17740665234375 0.8141893359375 0.18351390625 0.77487753125 0.17806857421875 0.764078265625 0.18120086328125 0.74338319921875 0.1751419453125 0.72000619140625 0.1838325390625 0.56383390234375 0.1816768203125 0.53026123828125 0.1863995703125 0.46787228125 0.192333484375 0.45153378125 0.1709918125 0.44389556640625 0.15961256640625 0.44943480078125 0.15663760546875 0.46805153125 0.15469649609375 0.76257898828125 0.148257984375 0.82695022265625 0.1350059453125 0.836546171875
5 0.23334203125 0.81986982421875 0.21867316796875 0.848182453125 0.2247320859375 0.87155946484375 0.23703987109375 0.87443740625 0.24638870703125 0.8750371171875 0.285200859375 0.8587192734375 0.2914494296875 0.838224109375 0.28040114453125 0.81870780859375 0.26091625390625 0.82790784765625 0.2549986484375 0.8233474765625 0.25784830859375 0.7650191328125 0.2347178828125 0.45007581640625 0.22100958203125 0.44501568359375 0.20807219921875 0.45045496484375 0.2069703203125 0.46501108984375 0.2293778671875 0.70677009375 0.23334203125 0.81986982421875
5 0.37658916796875 0.354688765625 0.32294684375 0.60828454296875 0.32261588671875 0.63334007421875 0.3328932578125 0.64235696484375 0.3453583671875 0.643156578125 0.3536213359375 0.63741744140625 0.36002723046875 0.6148439453125 0.4125836875 0.3549093203125 0.4161722421875 0.348870328125 0.43362671484375 0.345809234375 0.43956062890625 0.329470734375 0.42851233984375 0.30995443359375 0.39502021484375 0.2973599375 0.3732062734375 0.29596061328125 0.364313703125 0.31001698046875 0.36352648046875 0.32041644140625 0.37753371875 0.34221097265625 0.37658916796875 0.354688765625
5 0.37279127734375 0.63237796484375 0.3720040546875 0.642777421875 0.37900752734375 0.653676640625 0.424807140625 0.66915298046875 0.4310396953125 0.6695527890625 0.44241894140625 0.6640135546875 0.4502259453125 0.64361444140625 0.50288771484375 0.651173359375 0.516454703125 0.6374168515625 0.51647101171875 0.616517984375 0.50495044921875 0.60324058203125 0.50935825 0.5450121875 0.54052470703125 0.34012815625 0.54039940234375 0.300416546875 0.5140686640625 0.296635140625 0.490208 0.322273625 0.47291114453125 0.3232524921875 0.463860953125 0.3393910859375 0.412737625 0.55971015625 0.40134207421875 0.58614826171875 0.40211328515625 0.59664376953125 0.37872489453125 0.61604336328125 0.37279127734375 0.63237796484375
5 0.29811696875 0.2744246328125 0.291553453125 0.299080359375 0.30587534375 0.31671823046875 0.33066425 0.29950081640625 0.34797741015625 0.27762308203125 0.3487646328125 0.267223625 0.33318324609375 0.266224109375 0.32292188671875 0.23631225 0.28837651171875 0.17558116796875 0.268435359375 0.1701251328125 0.26001506640625 0.1779426015625 0.257512375 0.19032044140625 0.2962601875 0.257586375 0.29811696875 0.2744246328125