4 0.5059196875 0.801324921875 0.51594619921875 0.82257676171875 0.53656380859375 0.83115195703125 0.55984915625 0.8180639453125 0.5676366875 0.78903743359375 0.558944375 0.75695590234375 0.547934515625 0.748579875 0.52100439453125 0.74971746484375 0.5036084609375 0.77854097265625 0.5059196875 0.801324921875
4 0.4734781484375 0.473878765625 0.477050015625 0.513319765625 0.50734327734375 0.54110067578125 0.53441553125 0.53148671484375 0.54788308984375 0.50766936328125 0.5425589140625 0.45800921484375 0.518646734375 0.439525890625 0.48301798828125 0.4550713984375 0.4734781484375 0.473878765625
4 0.4704112734375 0.91195073046875 0.48155629296875 0.95833600390625 0.50596080078125 0.97038525 0.53422512109375 0.95841797265625 0.5450991640625 0.92878091796875 0.53738953515625 0.88381973828125 0.503868953125 0.86513340625 0.4915255546875 0.86759090625 0.4809344609375 0.88026755078125 0.47223648828125 0.89467930078125 0.4704112734375 0.91195073046875
5 0.426801921875 0.806512734375 0.430656078125 0.82898949609375 0.4447517890625 0.83675114453125 0.46221563671875 0.8269341796875 0.46348692578125 0.750600828125 0.4786388828125 0.7179960859375 0.4777291015625 0.70338516015625 0.462933 0.69153891796875 0.42758654296875 0.69012018359375 0.41510232421875 0.70106171875 0.411383328125 0.71659420703125 0.4134858359375 0.7288556484375 0.4241448359375 0.735185546875 0.4293331953125 0.74683261328125 0.426801921875 0.806512734375
5 0.0520396015625 0.64020492578125 0.11978682421875 0.63516889453125 0.1425069375 0.65600553515625 0.1579361875 0.6529336640625 0.16544142578125 0.64087139453125 0.15955767578125 0.57864261328125 0.15093326953125 0.565567625 0.13396109375 0.56894668359375 0.1206343515625 0.58428 0.056323171875 0.59074394921875 0.043697484375 0.61016569140625 0.04600871484375 0.6329496328125 0.0520396015625 0.64020492578125
5 0.18504306640625 0.94128978125 0.19977191796875 0.9341333125 0.280908140625 0.97926379296875 0.2937432109375 0.970368390625 0.29241532421875 0.934708625 0.22313017578125 0.8935547265625 0.2051803125 0.8633163203125 0.1976065 0.85636821875 0.188348953125 0.85821133984375 0.16912780078125 0.90430627734375 0.16596838671875 0.9324073984375 0.18504306640625 0.94128978125
5 0.2163176640625 0.37925742578125 0.257976640625 0.370963375 0.340587875 0.396780125 0.34984542578125 0.394937 0.35307275 0.385842421875 0.3527954609375 0.356309546875 0.344872109375 0.34732298046875 0.2607172890625 0.3218095859375 0.243117625 0.2936134765625 0.231966953125 0.29372148828125 0.21864020703125 0.3090548046875 0.21162098046875 0.36117244921875 0.2163176640625 0.37925742578125
5 0.28093010546875 0.79328682421875 0.31122337109375 0.82106773828125 0.3713811328125 0.94857112109375 0.3907387578125 0.94049309375 0.39515815234375 0.92904519921875 0.39284626171875 0.906257421875 0.3425056328125 0.789479546875 0.33788251171875 0.7439078203125 0.316773234375 0.74177053125 0.28528158984375 0.762832390625 0.278126546875 0.77693695703125 0.28093010546875 0.79328682421875
5 0.109776625 0.47443337109375 0.12688461328125 0.509067390625 0.14441637109375 0.5182569609375 0.164265671875 0.5037410234375 0.171069859375 0.48759033203125 0.17675554296875 0.44630620703125 0.169255296875 0.41187136328125 0.15551044921875 0.40615583984375 0.1226173515625 0.4190446796875 0.070723140625 0.395564390625 0.05325929296875 0.40538135546875 0.04596277734375 0.42796612890625 0.0487663359375 0.44431599609375 0.068892265625 0.4593291015625 0.109776625 0.47443337109375
5 0.34845462890625 0.2937735859375 0.363251390625 0.30562366015625 0.45798598828125 0.41144698046875 0.47166358984375 0.39815979296875 0.47503173046875 0.3805811796875 0.470335046875 0.36249619921875 0.38815257421875 0.2647378828125 0.3746221015625 0.223051578125 0.36003472265625 0.2217278359375 0.34481485546875 0.23532604296875 0.32503412109375 0.2688523515625 0.32320825 0.28611994921875 0.331482453125 0.297152640625 0.34845462890625 0.2937735859375
5 0.2548794765625 0.46456431640625 0.26603080859375 0.4644601328125 0.41547448828125 0.51712704296875 0.42473204296875 0.51528392578125 0.4295016328125 0.50587832421875 0.4280322734375 0.478698765625 0.420108265625 0.46970837109375 0.27066458203125 0.417041453125 0.2606387265625 0.3957934453125 0.2515219921875 0.38915253515625 0.23882839453125 0.389567734375 0.22893769921875 0.40632897265625 0.22086722265625 0.45231589453125 0.2278078828125 0.474182109375 0.24548111328125 0.4748914765625 0.2548794765625 0.46456431640625
5 0.0742517265625 0.80696315625 0.08567969140625 0.83638801953125 0.09633869140625 0.8427179140625 0.1249532109375 0.83279293359375 0.12727075390625 0.8090874296875 0.1412978984375 0.79783870703125 0.335152515625 0.70007120703125 0.34006358203125 0.68218540625 0.33445712109375 0.6494895 0.5229712578125 0.6415455390625 0.53867713671875 0.66800270703125 0.55256346484375 0.6652380234375 0.5604195625 0.6552218828125 0.561894578125 0.63590815625 0.54808681640625 0.56468898046875 0.5326575703125 0.5677608515625 0.52346792578125 0.588610515625 0.5037607578125 0.59465007421875 0.48195042578125 0.58842436328125 0.40733044921875 0.59060071484375 0.2929446171875 0.60280623046875 0.28543937890625 0.6148685 0.28775126171875 0.63765627734375 0.2967258671875 0.65277356640625 0.3082273984375 0.6547116796875 0.30584259765625 0.65941448046875 0.12328012890625 0.7485937578125 0.11058652734375 0.74900895703125 0.0969824921875 0.7348093984375 0.06906837109375 0.7488189765625 0.066751484375 0.7725283125 0.0742517265625 0.80696315625