4 0.38146484375 0.4674375 0.38926953125 0.46454296875 0.38829296875 0.47178125 0.384390625 0.4732265625 0.384390625 0.48046484375 0.39609765625 0.48769921875 0.4078046875 0.48769921875 0.41170703125 0.47467578125 0.41853515625 0.47612109375 0.4224375 0.4848046875 0.4253671875 0.5455859375 0.438046875 0.558609375 0.438046875 0.57163671875 0.45073046875 0.57453125 0.4575625 0.57163671875 0.4653671875 0.56005859375 0.4702421875 0.56005859375 0.47512109375 0.56584765625 0.50146484375 0.57308203125 0.5121953125 0.5832109375 0.5278046875 0.623734375 0.5434140625 0.619390625 0.5590234375 0.59768359375 0.56390234375 0.55426953125 0.575609375 0.5151953125 0.575609375 0.49493359375 0.58731640625 0.437046875 0.5834140625 0.4008671875 0.56585546875 0.36758203125 0.5297578125 0.3328515625 0.50146484375 0.31837890625 0.4702421875 0.31693359375 0.43609765625 0.319828125 0.41268359375 0.3270625 0.4 0.33574609375 0.38829296875 0.3516640625 0.37366015625 0.4008671875 0.375609375 0.43994140625 0.38146484375 0.4674375
5 0.3609765625 0.62228515625 0.36585546875 0.62807421875 0.38829296875 0.6367578125 0.406828125 0.63820703125 0.4321953125 0.623734375 0.44390234375 0.60926171875 0.4478046875 0.59623828125 0.4478046875 0.57742578125 0.44292578125 0.5571640625 0.433171875 0.544140625 0.42633984375 0.51953515625 0.4253671875 0.48914453125 0.41853515625 0.4674375 0.4078046875 0.455859375 0.3902421875 0.4544140625 0.38048828125 0.460203125 0.3746328125 0.4732265625 0.37073046875 0.51953515625 0.353171875 0.54269140625 0.35121875 0.55426953125 0.36 0.5875546875 0.3609765625 0.62228515625
5 0.64390234375 0.9146171875 0.66146484375 0.9334296875 0.6790234375 0.9406640625 0.704390625 0.93776953125 0.71707421875 0.9261953125 0.72292578125 0.9146171875 0.72878125 0.848046875 0.72487890625 0.829234375 0.71707421875 0.81620703125 0.71707421875 0.8075234375 0.7297578125 0.71345703125 0.735609375 0.63820703125 0.74633984375 0.64399609375 0.753171875 0.654125 0.76487890625 0.65701953125 0.76585546875 0.6251796875 0.761953125 0.62083984375 0.74048828125 0.6107109375 0.70731640625 0.60781640625 0.6965859375 0.61215625 0.6809765625 0.63096875 0.6634140625 0.79594921875 0.646828125 0.81620703125 0.6409765625 0.8422578125 0.638046875 0.89291015625 0.64390234375 0.9146171875
5 0.6321953125 0.28654296875 0.6390234375 0.3024609375 0.6809765625 0.31258984375 0.6965859375 0.30390625 0.7024375 0.292328125 0.70048828125 0.23878515625 0.69073046875 0.2228671875 0.695609375 0.1505078125 0.69170703125 0.13748046875 0.68390234375 0.13024609375 0.6634140625 0.12880078125 0.65268359375 0.14182421875 0.63414453125 0.1881328125 0.638046875 0.21562890625 0.6302421875 0.2243125 0.62829296875 0.23299609375 0.62926953125 0.2677265625 0.6321953125 0.28654296875
5 0.12292578125 0.6251796875 0.126828125 0.623734375 0.13170703125 0.60781640625 0.1375625 0.60781640625 0.13853515625 0.60347265625 0.1424375 0.6063671875 0.1434140625 0.5947890625 0.13853515625 0.59623828125 0.1375625 0.5875546875 0.14829296875 0.56584765625 0.1590234375 0.5571640625 0.16878125 0.56150390625 0.17268359375 0.55426953125 0.166828125 0.4732265625 0.16487890625 0.175109375 0.16 0.1577421875 0.1502421875 0.14761328125 0.13073046875 0.14471875 0.11609765625 0.15484765625 0.10926953125 0.17366015625 0.11512109375 0.51085546875 0.10829296875 0.51808984375 0.10048828125 0.539796875 0.104390625 0.5991328125 0.12292578125 0.6251796875
5 0.53073046875 0.824890625 0.544390625 0.83212890625 0.56878125 0.83646875 0.57951171875 0.8306796875 0.5921953125 0.8118671875 0.59512109375 0.78581640625 0.58926953125 0.77134765625 0.58829296875 0.75542578125 0.5824375 0.73516796875 0.584390625 0.65267578125 0.57268359375 0.63965234375 0.55609765625 0.6367578125 0.55707421875 0.62807421875 0.55414453125 0.62662890625 0.5434140625 0.65123046875 0.53073046875 0.70043359375 0.53170703125 0.726484375 0.5375625 0.74240234375 0.52 0.76121484375 0.5190234375 0.78581640625 0.53073046875 0.824890625
5 1 0.63096875 0.99414453125 0.62662890625 0.993171875 0.62083984375 0.97951171875 0.6179453125 0.97853515625 0.6136015625 0.97170703125 0.6136015625 0.9697578125 0.60926171875 0.953171875 0.60781640625 0.94926953125 0.60202734375 0.9502421875 0.5832109375 0.9424375 0.5759765625 0.91512109375 0.5643984375 0.904390625 0.5643984375 0.8946328125 0.5875546875 0.88487890625 0.62662890625 0.8809765625 0.65267578125 0.8809765625 0.66425390625 0.88390234375 0.66859765625 0.92878125 0.6859609375 0.935609375 0.67004296875 0.94048828125 0.66859765625 0.98829296875 0.6859609375 1 0.69464453125 1 0.63096875
4 0.83512109375 0.88712109375 0.85073046875 0.88712109375 0.8975625 0.859625 0.9121953125 0.85817578125 0.921953125 0.83357421875 0.92292578125 0.82055078125 0.9102421875 0.8002890625 0.90146484375 0.7945 0.88585546875 0.7930546875 0.86829296875 0.8046328125 0.8302421875 0.80318359375 0.81853515625 0.80897265625 0.81170703125 0.82055078125 0.81268359375 0.85238671875 0.8175625 0.8726484375 0.83512109375 0.88712109375
4 0.82633984375 1 0.84585546875 0.95948046875 0.8478046875 0.93632421875 0.84390234375 0.92474609375 0.82048828125 0.8784375 0.793171875 0.86251953125 0.77366015625 0.86251953125 0.7590234375 0.87409375 0.7434140625 0.904484375 0.7453671875 0.962375 0.76 0.988421875 0.77073046875 0.99566015625 0.77073046875 1 0.78731640625 1 0.7921953125 0.9942109375 0.7990234375 0.9942109375 0.80292578125 1 0.82633984375 1
4 0.55512109375 0.97684375 0.57170703125 0.9710546875 0.5824375 0.95948046875 0.58731640625 0.94790234375 0.5921953125 0.8914609375 0.5902421875 0.86830859375 0.5746328125 0.8422578125 0.5609765625 0.83212890625 0.52878125 0.829234375 0.5053671875 0.8422578125 0.4975625 0.85528125 0.49073046875 0.908828125 0.49170703125 0.93776953125 0.5024375 0.96092578125 0.52878125 0.97684375 0.55512109375 0.97684375
4 0.09073046875 0.72358984375 0.11512109375 0.71345703125 0.121953125 0.684515625 0.12292578125 0.63965234375 0.1034140625 0.6136015625 0.07707421875 0.604921875 0.05268359375 0.6136015625 0.03414453125 0.63096875 0.0224375 0.665703125 0.0234140625 0.71345703125 0.0546328125 0.73516796875 0.078046875 0.73661328125 0.09073046875 0.72358984375
4 0.08487890625 0.79016015625 0.09951171875 0.79739453125 0.11121875 0.79739453125 0.13268359375 0.782921875 0.1346328125 0.73516796875 0.12585546875 0.722140625 0.113171875 0.71490625 0.11121875 0.69609375 0.1053671875 0.69319921875 0.09170703125 0.69464453125 0.0790234375 0.70477734375 0.081953125 0.73371875 0.078046875 0.7467421875 0.07707421875 0.7698984375 0.08 0.78437109375 0.08487890625 0.79016015625
4 0.18926953125 0.927640625 0.215609375 0.92908984375 0.233171875 0.92474609375 0.24878125 0.91316796875 0.25366015625 0.90159375 0.2546328125 0.8726484375 0.2478046875 0.8350234375 0.22926953125 0.81765625 0.20878125 0.81620703125 0.17951171875 0.82199609375 0.17170703125 0.8306796875 0.16878125 0.843703125 0.16487890625 0.8726484375 0.166828125 0.90014453125 0.175609375 0.91751171875 0.18926953125 0.927640625
4 0.2175625 0.82633984375 0.2234140625 0.8118671875 0.2224375 0.78002734375 0.2253671875 0.756875 0.22146484375 0.74384765625 0.2165859375 0.73661328125 0.2009765625 0.7279296875 0.17268359375 0.726484375 0.1609765625 0.73082421875 0.1521953125 0.745296875 0.14829296875 0.8118671875 0.1590234375 0.82633984375 0.175609375 0.83646875 0.19121875 0.829234375 0.2175625 0.82633984375
4 0.335609375 0.92474609375 0.36487890625 0.9146171875 0.37366015625 0.904484375 0.3775625 0.890015625 0.38048828125 0.82199609375 0.37366015625 0.8046328125 0.361953125 0.79160546875 0.344390625 0.78002734375 0.32390234375 0.7771328125 0.29951171875 0.78581640625 0.2790234375 0.80897265625 0.27414453125 0.83646875 0.27609765625 0.89725 0.286828125 0.9146171875 0.31121875 0.9261953125 0.335609375 0.92474609375
4 0.45853515625 0.80173828125 0.46731640625 0.8118671875 0.49366015625 0.8075234375 0.50926953125 0.79739453125 0.51707421875 0.78437109375 0.52 0.764109375 0.52 0.74963671875 0.51414453125 0.73082421875 0.49853515625 0.71201171875 0.478046875 0.707671875 0.4546328125 0.7163515625 0.44292578125 0.73371875 0.41853515625 0.75542578125 0.41170703125 0.77134765625 0.415609375 0.7887109375 0.42829296875 0.79884375 0.45853515625 0.80173828125
4 0.45366015625 0.6859609375 0.46926953125 0.69319921875 0.49366015625 0.69464453125 0.50731640625 0.68306640625 0.52487890625 0.64978125 0.526828125 0.589 0.51414453125 0.55571484375 0.4790234375 0.5455859375 0.4702421875 0.54992578125 0.45951171875 0.5643984375 0.45366015625 0.59044921875 0.43414453125 0.62662890625 0.43512109375 0.64688671875 0.44390234375 0.6729375 0.45366015625 0.6859609375
4 0.6 0.80318359375 0.61268359375 0.8118671875 0.62731640625 0.8133125 0.64487890625 0.8075234375 0.65073046875 0.8118671875 0.6634140625 0.8002890625 0.66926953125 0.7814765625 0.67414453125 0.7279296875 0.673171875 0.6975390625 0.6565859375 0.6903046875 0.633171875 0.6903046875 0.61366015625 0.69464453125 0.60292578125 0.7018828125 0.59609765625 0.71345703125 0.58829296875 0.74384765625 0.58731640625 0.768453125 0.59414453125 0.7930546875 0.6 0.80318359375
4 0.81073046875 0.80318359375 0.81170703125 0.75542578125 0.8078046875 0.74384765625 0.78926953125 0.722140625 0.7590234375 0.71490625 0.7434140625 0.74095703125 0.7365859375 0.8002890625 0.7434140625 0.8118671875 0.761953125 0.82633984375 0.79609765625 0.82778515625 0.80390234375 0.8234453125 0.81073046875 0.80318359375
4 0.913171875 0.79016015625 0.9278046875 0.78002734375 0.9365859375 0.764109375 0.93853515625 0.73371875 0.9278046875 0.703328125 0.91121875 0.6903046875 0.881953125 0.68741015625 0.8653671875 0.69175 0.85170703125 0.7091171875 0.85170703125 0.7279296875 0.864390625 0.77423828125 0.8721953125 0.78437109375 0.88487890625 0.79016015625 0.913171875 0.79016015625
4 0.7697578125 0.6714921875 0.79414453125 0.66280859375 0.82926953125 0.66859765625 0.8478046875 0.65123046875 0.85853515625 0.63241796875 0.85951171875 0.60202734375 0.85170703125 0.5701875 0.8409765625 0.55426953125 0.82731640625 0.544140625 0.81366015625 0.5383515625 0.7990234375 0.5383515625 0.77853515625 0.54848046875 0.7678046875 0.558609375 0.75707421875 0.589 0.75512109375 0.6107109375 0.76585546875 0.63096875 0.76292578125 0.65846484375 0.7697578125 0.6714921875
4 0.86048828125 0.722140625 0.864390625 0.7091171875 0.8721953125 0.69898828125 0.87414453125 0.68306640625 0.8575625 0.66280859375 0.8302421875 0.65846484375 0.81366015625 0.66859765625 0.8097578125 0.69319921875 0.81073046875 0.7091171875 0.815609375 0.722140625 0.82146484375 0.726484375 0.8497578125 0.73371875 0.86048828125 0.722140625
4 0.92292578125 0.48625 0.9746328125 0.49493359375 0.9853671875 0.47612109375 0.99121875 0.45007421875 0.9902421875 0.43270703125 0.9853671875 0.4167890625 0.975609375 0.41389453125 0.9834140625 0.3936328125 0.98146484375 0.37916015625 0.96878125 0.3632421875 0.95512109375 0.35600390625 0.92487890625 0.3632421875 0.91609765625 0.345875 0.91121875 0.34298046875 0.90829296875 0.36613671875 0.91414453125 0.3936328125 0.9034140625 0.4052109375 0.90048828125 0.41389453125 0.8965859375 0.48769921875 0.9034140625 0.4963828125 0.92292578125 0.48625
4 0.158046875 0.6903046875 0.1765859375 0.69319921875 0.20487890625 0.69175 0.21268359375 0.680171875 0.2175625 0.6599140625 0.21853515625 0.58610546875 0.2078046875 0.558609375 0.19609765625 0.55426953125 0.14829296875 0.56005859375 0.135609375 0.57887109375 0.126828125 0.59768359375 0.12390234375 0.62807421875 0.12585546875 0.64544140625 0.135609375 0.67583203125 0.158046875 0.6903046875