4 0.4153153046875 0.70204047265625 0.43955689453125 0.705525140625 0.4737975078125 0.70304113671875 0.5045142890625 0.6967254765625 0.53043905859375 0.67799358984375 0.56115529296875 0.6380194453125 0.5737180234375 0.6023756015625 0.57233407421875 0.56600873046875 0.5523393671875 0.51063234375 0.5493996171875 0.49060787890625 0.5321343984375 0.45382370703125 0.5210028671875 0.41168169921875 0.502392109375 0.39267218359375 0.48630057421875 0.39082262890625 0.47671876953125 0.43331488671875 0.4675596796875 0.44500482421875 0.4425154453125 0.4562780703125 0.43852275 0.4627630390625 0.4336939921875 0.463526125 0.42428348046875 0.45330523828125 0.41709629296875 0.451514015625 0.4049529765625 0.456360015625 0.40684309765625 0.4692348125 0.3961732421875 0.4840905 0.4020900390625 0.544618609375 0.3994846015625 0.55381135546875 0.3929309453125 0.55630855078125 0.3871760625 0.5440484453125 0.37558008203125 0.54588094140625 0.36503373046875 0.554863109375 0.366083921875 0.5620166328125 0.37015894921875 0.5628341875 0.37217644140625 0.56983484765625 0.36402582421875 0.568195875 0.36221527734375 0.59628655859375 0.3659537890625 0.63520834375 0.387586625 0.68154484765625 0.4014921328125 0.695443921875 0.4153153046875 0.70204047265625
5 0.35641866796875 0.56354401953125 0.36410815234375 0.57549840234375 0.37460946484375 0.5796928984375 0.391795671875 0.575515453125 0.40074449609375 0.56239326953125 0.40436226953125 0.53987100390625 0.4009163515625 0.50968398828125 0.40411359375 0.48429722265625 0.411885421875 0.4698995078125 0.413778296875 0.4491113515625 0.41104880859375 0.430519140625 0.4052939296875 0.41825903515625 0.391598125 0.40578834765625 0.36437173828125 0.3954558828125 0.346222671875 0.39978943359375 0.3252578984375 0.411883484375 0.321265203125 0.418368453125 0.32533691015625 0.45284510546875 0.321468265625 0.48711503125 0.32508272265625 0.498251859375 0.3458344765625 0.518388515625 0.35641866796875 0.56354401953125
5 0.6369698671875 0.359697 0.6551606640625 0.3758458828125 0.6664190078125 0.378455265625 0.69885626171875 0.37040224609375 0.71864790234375 0.3570320546875 0.7218835625 0.3521321953125 0.71629665234375 0.320818046875 0.70512063671875 0.3255111796875 0.6998230078125 0.3365908984375 0.69003425390625 0.3439918125 0.67332025390625 0.27053890625 0.64710897265625 0.17955934375 0.64584908203125 0.17097742578125 0.651689609375 0.15688096484375 0.65282544921875 0.13767791796875 0.63736690625 0.07280367578125 0.6298909921875 0.0622770703125 0.61564841796875 0.05282373828125 0.59010189453125 0.05393382421875 0.573759484375 0.0638319296875 0.5590930625 0.08517319921875 0.55644259375 0.10754260546875 0.56669358203125 0.15714324609375 0.5762693203125 0.1819730390625 0.5956371171875 0.1993974453125 0.6369698671875 0.359697
5 0.6548326875 0.80467810546875 0.6799147578125 0.84754252734375 0.692433 0.858733828125 0.712517234375 0.8540984140625 0.7191982578125 0.8457270859375 0.72117346484375 0.832241453125 0.7058422890625 0.7614930703125 0.7131980234375 0.744234109375 0.7073602578125 0.69101299609375 0.69988433984375 0.680486390625 0.683163140625 0.6743478125 0.6430775625 0.69092502734375 0.63862373046875 0.70772540625 0.63845575390625 0.72677944921875 0.64252746484375 0.7612561015625 0.6457180859375 0.76953290625 0.65470863671875 0.7768931484375 0.6548326875 0.80467810546875
5 0.13703633984375 0.9011398828125 0.1465291796875 0.91866329296875 0.16249278125 0.9263831171875 0.18139945703125 0.92046831640625 0.1895951171875 0.90893062890625 0.191907953125 0.891003109375 0.1505851640625 0.59607165234375 0.1446266484375 0.515061109375 0.13971169140625 0.50852227734375 0.1306761015625 0.51433869140625 0.11878752734375 0.50743641796875 0.1050093984375 0.487663203125 0.1047129296875 0.47892904296875 0.10975582421875 0.47959759765625 0.1071086640625 0.46830791015625 0.1036633046875 0.47177937890625 0.102069640625 0.4676387421875 0.09626971875 0.46855530078125 0.0891275703125 0.45358741796875 0.08505254296875 0.452769859375 0.07047232421875 0.48141304296875 0.07521598828125 0.54066501171875 0.08609608984375 0.5608961953125 0.09390907421875 0.5669770546875 0.13703633984375 0.9011398828125
5 0.478070390625 0.3145635546875 0.4977725 0.361205171875 0.51197059765625 0.38383901953125 0.514662796875 0.381952046875 0.5124356015625 0.37352299609375 0.52844424609375 0.36806616796875 0.538150671875 0.35336273046875 0.52424736328125 0.27214221875 0.52710810546875 0.25120505859375 0.52576531640625 0.235316765625 0.52946211328125 0.2201014921875 0.52278440625 0.1948137265625 0.507491640625 0.178206875 0.49602302734375 0.17416523828125 0.4724934296875 0.182272125 0.46001304296875 0.19156387109375 0.45408630078125 0.232013046875 0.458623015625 0.256173671875 0.47874841015625 0.272016828125 0.47525800390625 0.28866495703125 0.478070390625 0.3145635546875
5 0.8744451875 0.2665599296875 0.8325112109375 0.29074477734375 0.83024341015625 0.29549563671875 0.83192326953125 0.3069381875 0.8395677109375 0.33206923046875 0.85489833203125 0.36915912890625 0.86792330078125 0.3905168359375 0.87855198046875 0.38883719921875 0.9039294140625 0.37311881640625 0.91061044140625 0.36474748828125 0.90691695703125 0.3463036640625 0.90994235546875 0.3399715546875 0.92616126171875 0.33594697265625 0.92746233203125 0.3313528359375 0.9342256875 0.33028403125 0.93456275390625 0.32583828515625 0.94767337109375 0.32083942578125 0.94779687109375 0.31496590234375 0.95296712890625 0.30976031640625 0.9437284765625 0.24683016015625 0.933392390625 0.25724456640625 0.88856038671875 0.28188739453125 0.8835180625 0.28122269921875 0.8744451875 0.2665599296875
4 0.75983312109375 0.16613420703125 0.79731269921875 0.158745875 0.81638846484375 0.16743937109375 0.83164007421875 0.1635676484375 0.8394942265625 0.1564724609375 0.8491177578125 0.13446263671875 0.84626476953125 0.1217439453125 0.8330301015625 0.09895784765625 0.818325828125 0.0998160703125 0.76794865234375 0.0799725546875 0.75248734375 0.082415890625 0.73719512890625 0.09946751953125 0.73530225390625 0.12025567578125 0.73895399609375 0.15187168359375 0.74739721484375 0.1622454296875 0.75983312109375 0.16613420703125
4 0.67900165625 0.10720223828125 0.69517882421875 0.11634984375 0.7145054609375 0.1132956796875 0.73925323046875 0.09328826953125 0.75572632421875 0.04385693359375 0.75791179296875 0.03180355078125 0.7566511015625 0.02642283984375 0.6527452109375 0.02279436328125 0.659131 0.07961080859375 0.67900165625 0.10720223828125
4 0.42275035546875 0.1667208828125 0.43237056640625 0.17837015625 0.4574520859375 0.18757609765625 0.4889220390625 0.1796759296875 0.50097915234375 0.16752801953125 0.51266078125 0.13933894921875 0.51123623046875 0.1161519921875 0.49821458203125 0.0611351875 0.49170209375 0.050456328125 0.4793941171875 0.04069727734375 0.4621255859375 0.03757219921875 0.43603559375 0.041695171875 0.41225125390625 0.06155032421875 0.4049822890625 0.08611506640625 0.4082140703125 0.11487044140625 0.42275035546875 0.1667208828125
4 0 0.4634904765625 0.017156515625 0.47520741015625 0.04257510546875 0.4799676015625 0.067405765625 0.467266578125 0.08295272265625 0.43846667578125 0.07548012109375 0.3942809765625 0.0645138203125 0.36674787890625 0.0388843984375 0.36055158203125 0.0244315625 0.349666 0.001449296875 0.35475938671875 0 0.3561341015625 0 0.4634904765625
4 0.03001790234375 0.38097629296875 0.04405134375 0.38900509375 0.05779162109375 0.3882952578125 0.06316771484375 0.38451867578125 0.062372828125 0.3656207421875 0.07388648046875 0.35648571875 0.0806904375 0.34223700390625 0.07183114453125 0.295347390625 0.0484700859375 0.2844040859375 0.03687410546875 0.28623658984375 0.0234297265625 0.29567672265625 0.01943702734375 0.30216169140625 0.01863882421875 0.3169228515625 0.02296197265625 0.33965569921875 0.02872072265625 0.3519151953125 0.03001790234375 0.38097629296875
4 0.10355528515625 0.24204046875 0.112545828125 0.24940071484375 0.1423776484375 0.25054043359375 0.16246131640625 0.24590115625 0.17830086328125 0.22583603125 0.17960525 0.18758280078125 0.17444217578125 0.15912867578125 0.16793025390625 0.1484536796875 0.15078908984375 0.13945446484375 0.132762953125 0.1379106328125 0.1068832265625 0.14346585546875 0.09482223828125 0.155614375 0.08864407421875 0.1741527265625 0.0907027265625 0.2016319609375 0.09876769921875 0.22962750390625 0.10355528515625 0.24204046875
4 0.09661675390625 0.3294776484375 0.10741452734375 0.34240630859375 0.11964017578125 0.34486283203125 0.1474550625 0.33900575 0.1616564765625 0.32798050390625 0.1654394765625 0.3200671484375 0.1674146796875 0.30658151953125 0.1611536328125 0.28415886328125 0.1575013203125 0.2525389921875 0.14960544140625 0.23915174609375 0.1230916171875 0.24041469140625 0.10658068359375 0.235708359375 0.0916216640625 0.24831485546875 0.08309280859375 0.2642976796875 0.09661675390625 0.3294776484375
4 0.2130031640625 0.24669510546875 0.2366568125 0.266373171875 0.26207597265625 0.2711372265625 0.28194994140625 0.2650695625 0.29766598828125 0.25087795703125 0.30737184765625 0.23617066015625 0.31161598046875 0.217941890625 0.2988490703125 0.15117681640625 0.292884484375 0.1374883203125 0.282716375 0.12884868359375 0.252254890625 0.12341994140625 0.22788536328125 0.1258055546875 0.2054059609375 0.1410659609375 0.19729706640625 0.15990942578125 0.20418115625 0.220284671875 0.2130031640625 0.24669510546875
4 0.38626928125 0.2954122109375 0.4003850546875 0.31074353125 0.42483634375 0.3156565859375 0.4445006171875 0.30816053515625 0.4572324375 0.28712498828125 0.460302875 0.26761622265625 0.45820305078125 0.25331303515625 0.45236526953125 0.233746546875 0.4427450625 0.2220972734375 0.42581416015625 0.2145303046875 0.3990900703125 0.214361 0.3918617109375 0.225745828125 0.36232635546875 0.23334026953125 0.351233234375 0.2453397890625 0.34988712890625 0.2631105859375 0.35896057421875 0.27777721875 0.38626928125 0.2954122109375
4 0.42726440234375 0.4601536484375 0.43999290625 0.47277719921875 0.4493205234375 0.47569169921875 0.482638875 0.4601838984375 0.49037284765625 0.425303140625 0.47962342578125 0.3655387265625 0.4573982109375 0.3353923828125 0.44219164453125 0.32608744140625 0.41824208203125 0.33133369140625 0.40383096875 0.34093054296875 0.3960552734375 0.35532887109375 0.391137 0.38244913671875 0.39310888671875 0.40262259765625 0.4176886640625 0.435323859375 0.42726440234375 0.4601536484375
4 0.549370609375 0.30183058984375 0.56105335546875 0.30730386328125 0.58100965234375 0.3085387265625 0.6042016171875 0.30487372265625 0.61958059375 0.2951278671875 0.61613468359375 0.26494085546875 0.60353686328125 0.21278407421875 0.595007453125 0.19510841796875 0.58076431640625 0.18565123046875 0.57559848828125 0.1908600625 0.55736265234375 0.18788783984375 0.54307834375 0.191606703125 0.53177495703125 0.20217397265625 0.52744462109375 0.21310083203125 0.52425068359375 0.23848312109375 0.52878796484375 0.262647609375 0.54092796484375 0.291460703125 0.549370609375 0.30183058984375
4 0.667485234375 0.1836548359375 0.682857015625 0.24122330859375 0.7020980078125 0.2645257109375 0.73100756640625 0.25264163671875 0.74621744921875 0.22828748046875 0.74840291796875 0.21623409765625 0.74050648828125 0.16918837109375 0.7308033828125 0.15023271484375 0.7224430625 0.14716535546875 0.6888321171875 0.1539383828125 0.672568734375 0.171143484375 0.667485234375 0.1836548359375
4 0.79474235546875 0.2557392421875 0.81079272265625 0.27076484375 0.82785099609375 0.27245767578125 0.856419046875 0.26501609375 0.87095809765625 0.24954896484375 0.8771774375 0.2178345625 0.87083736328125 0.1881049140625 0.85982988671875 0.1737478671875 0.84386571484375 0.16602417578125 0.81584112890625 0.17045287109375 0.80411777734375 0.17815950390625 0.79785728515625 0.189395328125 0.79201287109375 0.23714702734375 0.79474235546875 0.2557392421875
4 0.73347291015625 0.41761788671875 0.7455711875 0.425948546875 0.76733471484375 0.4327518203125 0.78183259375 0.430460734375 0.794519375 0.4226018515625 0.806580359375 0.410453328125 0.8148995234375 0.39304211328125 0.81801056640625 0.3603534375 0.812633921875 0.33047153515625 0.79927575390625 0.3135589609375 0.77839662890625 0.29929644140625 0.7444447421875 0.31051582421875 0.7190294609375 0.3057511640625 0.714152359375 0.31969537890625 0.7210436328125 0.34641091796875 0.71335026953125 0.36811176953125 0.7184348828125 0.3892627578125 0.73347291015625 0.41761788671875
4 0.755500578125 0.27803712109375 0.7629353203125 0.3017397734375 0.78083021875 0.30915835546875 0.8072611484375 0.3005890234375 0.820746703125 0.27797284375 0.8165058828125 0.262542515625 0.8073056328125 0.2537538828125 0.80155075390625 0.24149377734375 0.7892422109375 0.2317308671875 0.76226725390625 0.24330922265625 0.7570975546875 0.2485186640625 0.75415448828125 0.262153296875 0.755500578125 0.27803712109375
4 0.90236089453125 0.5577560859375 0.90055421875 0.58584615234375 0.9068119609375 0.60827328125 0.911224625 0.60464894921875 0.9174027890625 0.58611059765625 0.9484083046875 0.58853031640625 0.9608886875 0.5792385703125 0.9711424453125 0.5615216328125 0.9709733515625 0.54691333984375 0.9603029453125 0.52811054296875 0.969548234375 0.523722515625 0.97206746875 0.507227859375 0.97051498046875 0.489911171875 0.96093980859375 0.46508523828125 0.9475777734375 0.44817327734375 0.89762111328125 0.4648488828125 0.8768243203125 0.45788888671875 0.871320859375 0.46753960546875 0.88589443359375 0.539869234375 0.89005235546875 0.547993171875 0.90236089453125 0.5577560859375
4 0.10433469140625 0.49655083984375 0.11962745703125 0.5131576953125 0.167818609375 0.511396109375 0.1787849296875 0.50527458203125 0.185424234375 0.4764208203125 0.17375198828125 0.40362874609375 0.1659801796875 0.38437183984375 0.1565696640625 0.374150953125 0.12833480859375 0.3771473984375 0.1103915703125 0.382909953125 0.09026673046875 0.40072527734375 0.0850146875 0.43228681640625 0.08559987890625 0.44975636328125 0.09290725 0.47933315625 0.10433469140625 0.49655083984375