4 0.39694500390625 0.48073197265625 0.40753288671875 0.49019450390625 0.41912775 0.4925644375 0.4248054921875 0.48058620703125 0.43136701953125 0.48338545703125 0.434023265625 0.4926888515625 0.42846448046875 0.55287200390625 0.43920989453125 0.568207046875 0.4373965625 0.5809790859375 0.44955573046875 0.58638451953125 0.45672520703125 0.584929765625 0.4660667265625 0.5751585 0.470895015625 0.57614537890625 0.474921375 0.58280866015625 0.5000057421875 0.595234203125 0.50922351171875 0.60733684765625 0.51904269921875 0.65022602734375 0.53510714453125 0.6491273203125 0.5535884609375 0.631005609375 0.56446361328125 0.58943003515625 0.58149738671875 0.55349151171875 0.584317703125 0.53362687890625 0.60397006640625 0.4792445390625 0.60514112109375 0.4429839140625 0.59238386328125 0.40679656640625 0.56146634375 0.3654392421875 0.53545896484375 0.3455226796875 0.5047366328125 0.33778507421875 0.47051634375 0.3337107734375 0.446319625 0.3360635 0.43254884765625 0.34200929296875 0.41873829296875 0.35524537109375 0.3973968828125 0.40052200390625 0.393888515625 0.4392250546875 0.3958605859375 0.4673676484375 0.4039933984375 0.466109796875 0.4020186640625 0.47300853515625 0.39795253125 0.473635546875 0.39694500390625 0.48073197265625
5 0.4243493671875 0.63087117578125 0.4379587421875 0.61905208203125 0.443636484375 0.6070738515625 0.44625508203125 0.58863003515625 0.444243234375 0.56777773046875 0.4363955703125 0.55303497265625 0.4330539375 0.52752866015625 0.4363208046875 0.49753671875 0.43257572265625 0.47487204296875 0.423559671875 0.46134858203125 0.40636662109375 0.456376296875 0.3959003671875 0.460077359375 0.38828820703125 0.471660203125 0.37797736328125 0.51627127734375 0.35736377734375 0.5354192109375 0.3538177578125 0.546375046875 0.3578817734375 0.5807855390625 0.3540146953125 0.6150330625 0.35804105078125 0.62169634375 0.3790548671875 0.63475193359375 0.39721071484375 0.63992494921875 0.4243493671875 0.63087117578125
5 0.664397984375 0.98507454296875 0.67180509375 0.974907890625 0.68687066796875 0.9108275703125 0.68562430859375 0.8915937734375 0.6797077265625 0.87724177734375 0.68091643359375 0.86872836328125 0.70657201171875 0.7790730703125 0.7228418828125 0.7064823671875 0.73266373828125 0.71433022265625 0.738020421875 0.7256436796875 0.74921238671875 0.73085141796875 0.75461151953125 0.69983325390625 0.75135064453125 0.694788484375 0.73150134375 0.68051280859375 0.6990501953125 0.67095979296875 0.687818453125 0.67304234765625 0.6697400390625 0.68832625 0.62938146875 0.84651818359375 0.61013466796875 0.86302138671875 0.600713046875 0.88737705859375 0.5907609140625 0.93644365625 0.59353878515625 0.958910640625 0.60831442578125 0.9809097578125 0.6246978046875 0.991556859375 0.6502248515625 0.99385430859375 0.664397984375 0.98507454296875
5 0.73813219921875 0.36066669140625 0.74365453515625 0.30777844921875 0.73620590234375 0.29019709765625 0.751110078125 0.22024346484375 0.749058453125 0.206681453125 0.74233553125 0.1980088984375 0.7222447265625 0.192444328125 0.70980428125 0.203040296875 0.68499694921875 0.24468835546875 0.68503460546875 0.27243556640625 0.676095984375 0.27936903125 0.67295673828125 0.2874878515625 0.66908966015625 0.321735375 0.6693682734375 0.34077530859375 0.67391528515625 0.35776358203125 0.71405656640625 0.37618683984375 0.73072509765625 0.37083333984375 0.73813219921875 0.36066669140625
5 0.136323109375 0.551558921875 0.1397851640625 0.555186703125 0.1423639765625 0.54403317578125 0.13733009375 0.5444663203125 0.13757546484375 0.5357560078125 0.1512246171875 0.516646625 0.163060984375 0.510305453125 0.1721212265625 0.5165355859375 0.1769931640625 0.51023296484375 0.182474515625 0.429592890625 0.2220401875 0.1369235234375 0.2196254375 0.1189090234375 0.21137100390625 0.10700328125 0.1924491328125 0.1002155859375 0.17654662890625 0.10718376953125 0.16716533203125 0.12424532421875 0.1260251640625 0.45601694921875 0.1182554765625 0.46172728515625 0.10750407421875 0.481428953125 0.1031098046875 0.54039201953125 0.117841796875 0.5696806328125 0.1219079296875 0.569053625 0.12895578125 0.55443527734375 0.1347551484375 0.555620640625 0.136323109375 0.551558921875
5 0.55662937890625 0.84770690234375 0.56315324609375 0.82275894140625 0.55937171875 0.807389171875 0.56062074609375 0.791581640625 0.55764115234375 0.77053547265625 0.57105800390625 0.690055328125 0.56127592578125 0.67491718359375 0.5452518046875 0.66872177734375 0.54742771875 0.6604060546875 0.54472727734375 0.65839598828125 0.53067522265625 0.68034317578125 0.51126435546875 0.72601440234375 0.50860544140625 0.75175234375 0.5121891171875 0.76854371875 0.49217629296875 0.78343223828125 0.48778469140625 0.8073539765625 0.4939406484375 0.8480323671875 0.50646239453125 0.857894109375 0.53001525 0.8670864609375 0.54144871484375 0.86358309375 0.55662937890625 0.84770690234375
5 0.96686511328125 0.7315362265625 0.96010241015625 0.7301539609375 0.9587759453125 0.72550457421875 0.94255009765625 0.720729984375 0.93949094921875 0.7142643984375 0.94307342578125 0.6960136484375 0.93635049609375 0.68734109375 0.91090741796875 0.67046003125 0.90027976171875 0.66828779296875 0.88739221875 0.689014890625 0.87229285546875 0.72534879296875 0.864802328125 0.75009523046875 0.86319071875 0.76144644921875 0.86548383984375 0.766297359375 0.907515890625 0.79240550390625 0.91649428515625 0.77818175390625 0.921527625 0.7777524375 0.96645741796875 0.80445286328125 0.97684358203125 0.81533621484375 0.98570688671875 0.75290833203125 0.9805116015625 0.74746817578125 0.98035406640625 0.7415956640625 0.96722769140625 0.73599254296875 0.96686511328125 0.7315362265625
4 0.8802062578125 0.93574363671875 0.8829823828125 0.92317233203125 0.87324062890625 0.9007400703125 0.86535318359375 0.89328760546875 0.85009454296875 0.888710703125 0.831088703125 0.89650662890625 0.79360421484375 0.8873829296875 0.78120354296875 0.89068860546875 0.77282923046875 0.90065756640625 0.7693650546875 0.93206728515625 0.7713768984375 0.95291958984375 0.78675275390625 0.97066312109375 0.8022125703125 0.97382303125 0.852423203125 0.95634632421875 0.8671175390625 0.9578877265625 0.8802062578125 0.93574363671875
4 0.78709759765625 1 0.77346884375 0.959187484375 0.7486298515625 0.938051625 0.729305078125 0.93410173828125 0.71319752734375 0.94248611328125 0.69350750390625 0.9691212421875 0.69019892578125 1 0.78709759765625 1
4 0.51140719140625 1 0.51417940625 0.99962710546875 0.52641812890625 0.99045195703125 0.5328618984375 0.98008841015625 0.5455503828125 0.925740796875 0.54683864453125 0.9026468046875 0.53500494140625 0.87394664453125 0.52288942578125 0.86125171484375 0.4914054765625 0.851896390625 0.4664029609375 0.859924734375 0.45686026171875 0.871112984375 0.442640265625 0.92222741015625 0.43957899609375 0.9507993203125 0.4469834375 0.97567400390625 0.47085909375 0.9966129609375 0.48743012109375 1 0.51140719140625 1
4 0.05788195703125 0.6698452421875 0.07225681640625 0.65964466015625 0.0978241796875 0.65464798828125 0.108619234375 0.6276568203125 0.11582728125 0.58386966015625 0.10012862890625 0.5543795234375 0.0752493125 0.54053778515625 0.04988421484375 0.54410980859375 0.029105359375 0.55738365234375 0.01267566796875 0.589067375 0.01058437109375 0.6063783125 0.01117505859375 0.6402185703125 0.03489340234375 0.66368838671875 0.05788195703125 0.6698452421875
4 0.11412691796875 0.679883328125 0.10724700390625 0.66533443359375 0.0956919140625 0.6556742109375 0.09637609765625 0.6368350078125 0.0909835 0.63281262890625 0.077253046875 0.63146430078125 0.063280546875 0.63883091015625 0.06215368359375 0.667798203125 0.0564720703125 0.67977564453125 0.052285515625 0.70228118359375 0.05316875390625 0.71706249609375 0.057195109375 0.72372577734375 0.0706807421875 0.73378059375 0.08227560546875 0.73615052734375 0.1055493046875 0.7263067734375 0.11412691796875 0.679883328125
4 0.20884833203125 0.86714305859375 0.2138406875 0.83896191015625 0.212315171875 0.8006920078125 0.196375015625 0.77991298046875 0.1762847578125 0.77434458203125 0.14648985546875 0.77409496484375 0.1375512421875 0.781028421875 0.132840703125 0.79320434765625 0.12494672265625 0.82079241796875 0.12304996875 0.8481442421875 0.129329671875 0.86694872265625 0.1414490625 0.87964444140625 0.16733481640625 0.8863974140625 0.18533367578125 0.8856940859375 0.20240510546875 0.87750277734375 0.20884833203125 0.86714305859375
4 0.19891883984375 0.70597091015625 0.1950936640625 0.69789064453125 0.180842546875 0.68621731640625 0.15302183984375 0.67907279296875 0.140822890625 0.68095765234375 0.130111265625 0.69336902734375 0.1169801015625 0.75784473828125 0.12559325 0.77420600390625 0.14061038671875 0.7874940078125 0.1570771953125 0.783561328125 0.1835714453125 0.7860564609375 0.19138145703125 0.7730520078125 0.194846171875 0.7416384609375 0.20097046484375 0.7195329296875 0.19891883984375 0.70597091015625
4 0.34554084375 0.81478001171875 0.34119501171875 0.79637475 0.3314134765625 0.78123277734375 0.31563085546875 0.76632626171875 0.2957417734375 0.759340875 0.2703761328125 0.7629167265625 0.24686093359375 0.7814715859375 0.23820147265625 0.80744115234375 0.23167548046875 0.867426609375 0.2398857265625 0.88662568359375 0.26243105078125 0.9029144609375 0.2867897109375 0.90643120703125 0.31718869921875 0.90242603125 0.3272962421875 0.89426944921875 0.3331751640625 0.88087423046875 0.34554084375 0.81478001171875
4 0.48605532421875 0.8055423984375 0.491773390625 0.786270046875 0.49378790234375 0.77208101953125 0.49060712890625 0.75245183984375 0.4777658984375 0.730848109375 0.45807800390625 0.722445734375 0.43368010546875 0.72621545703125 0.419667828125 0.7408723515625 0.39248939453125 0.7572164140625 0.38351045703125 0.7714439921875 0.384958546875 0.78925696875 0.3961101875 0.801758828125 0.42565971875 0.810718765625 0.43294694921875 0.8224268203125 0.459642921875 0.82350113671875 0.476512625 0.81673064453125 0.48605532421875 0.8055423984375
4 0.512519375 0.67517016015625 0.52291032421875 0.61597467578125 0.51498135546875 0.58077420703125 0.48160664453125 0.56373400390625 0.4723054453125 0.5662111484375 0.45966327734375 0.57822793359375 0.45024166015625 0.60258360546875 0.4258770078125 0.63410357421875 0.42402444140625 0.65416207421875 0.4290954375 0.68147996484375 0.43694697265625 0.69622351171875 0.451399265625 0.70647985546875 0.4753550234375 0.7128343984375 0.4904920390625 0.70424770703125 0.512519375 0.67517016015625
4 0.614603703125 0.8595565703125 0.62877738671875 0.8507729765625 0.63719534375 0.83351451953125 0.64947705859375 0.782003921875 0.652743921875 0.75201198046875 0.63732387890625 0.74156178125 0.6141341484375 0.73682191015625 0.59420529296875 0.73712681640625 0.582566234375 0.7420502109375 0.57419246875 0.75201533984375 0.56223235546875 0.780230421875 0.55784020703125 0.804155984375 0.56117851171875 0.8296576796875 0.56556799609375 0.84077344140625 0.576921359375 0.851854484375 0.591212796875 0.85623369140625 0.60941283203125 0.854113375 0.614603703125 0.8595565703125
4 0.73535551953125 0.78641832421875 0.716269578125 0.80879866015625 0.7012481953125 0.86558565625 0.7063992890625 0.878319140625 0.72274621875 0.89626115234375 0.75636242578125 0.90459025 0.76469641796875 0.9019154140625 0.7742794375 0.88343304296875 0.7818942578125 0.8368088671875 0.77964091015625 0.82466766796875 0.76430483984375 0.79963384765625 0.73535551953125 0.78641832421875
4 0.90413126953125 0.809234640625 0.88951703515625 0.79310883203125 0.86093470703125 0.7843465859375 0.84390359765625 0.7852437734375 0.82795690625 0.79950528515625 0.82533831640625 0.81794910546875 0.83145449609375 0.86591778125 0.8377739765625 0.87743196875 0.8495302421875 0.88567520703125 0.8775521328125 0.8914027421875 0.89345517578125 0.88443073046875 0.904367984375 0.8706023671875 0.91052873046875 0.841201921875 0.90413126953125 0.809234640625
4 0.845395703125 0.72569145703125 0.8505931171875 0.69609411328125 0.84729512890625 0.66329830078125 0.83888316015625 0.64552005078125 0.82676376953125 0.63282432421875 0.8140441640625 0.6243841875 0.79954768359375 0.62142117578125 0.77784581640625 0.627204 0.76580826953125 0.63496216015625 0.75095041015625 0.66258495703125 0.7459939609375 0.6834750234375 0.75380571484375 0.70550886328125 0.747076796875 0.73187301953125 0.7520300390625 0.74602811328125 0.7773918125 0.74245146484375 0.81137446875 0.75523766796875 0.832149453125 0.74196303515625 0.845395703125 0.72569145703125
4 0.84020216796875 0.75528959765625 0.81374823828125 0.7455003359375 0.79591465234375 0.7520777578125 0.78862530078125 0.77540720703125 0.7873729453125 0.79121012109375 0.79039231640625 0.804966 0.7955870625 0.810409984375 0.82260196875 0.82323012109375 0.834841234375 0.814051140625 0.84051898046875 0.80207291015625 0.8496587734375 0.7937224609375 0.8538055546875 0.77850721875 0.84020216796875 0.75528959765625
4 1 0.498067390625 0.9920532578125 0.48410876953125 0.9795315078125 0.47424702734375 0.948571546875 0.47522132421875 0.94229184375 0.45641684375 0.93786258203125 0.45259137109375 0.9317416171875 0.4747015234375 0.93370981640625 0.502843328125 0.921470546875 0.51202230859375 0.91736408984375 0.5199434375 0.9032259453125 0.59151174609375 0.90877994140625 0.60140742578125 0.92951514453125 0.595423078125 0.9795180625 0.6144038984375 0.99276818359375 0.59813311328125 1 0.57944012109375 1 0.5394301953125 0.9917654453125 0.5351507109375 1 0.5208793359375 1 0.498067390625
4 0.20673696484375 0.62289224609375 0.2179740390625 0.55072703515625 0.21117367578125 0.52159755859375 0.20018289453125 0.51497283203125 0.152030421875 0.510971015625 0.13684976171875 0.52684720703125 0.12553405078125 0.54351337890625 0.11840609765625 0.57271612890625 0.11792309765625 0.59013834375 0.12335334765625 0.62190793359375 0.143561359375 0.6406391328125 0.16151989453125 0.6472299296875 0.18974351171875 0.6515366484375 0.19908503125 0.6417653828125 0.20673696484375 0.62289224609375